97.196,38.513,6.551,6.935,60.14
60.195,36.883,66.516,74.997,59.57
60.69,76.69,69.296,77.966,57.725
61.554,2.947,62.56,34.02,95.376
85.79,50.193,20.819,46.706,33.549
60.452,60.739,3.081,90.003,39.787
47.663,20.306,94.881,88.625,90.5
37.647,17.647,99.914,71.394,79.477
22.756,17.798,31.732,11.952,5.562
49.621,75.287,22.865,56.505,43.32
50.186,61.852,57.72,92.714,16.75
77.212,5.211,73.358,36.629,0.336
84.782,74.085,25.19,17.357,63.208
92.874,57.108,13.783,65.444,30.918
66.647,91.467,66.308,23.996,49.836
66.514,6.366,26.806,36.724,94.574
46.98,85.69,3.045,41.712,17.822
78.288,93.661,5.546,89.825,0.04
91.35,75.475,75.977,24.315,29.073
47.14,97.529,36.078,40.168,0.157
18.086,72.697,57.214,82.312,57.754
65.935,15.394,83.875,80.382,27.67
95.519,87.999,97.577,50.819,29.48
9.39,54.645,69.736,33.771,31.238
58.89,40.293,67.859,55.161,29.991
19.68,10.573,53.997,79.267,81.859
49.938,63.713,29.877,40.337,48.291
54.198,64.246,43.944,7.505,69.449
96.525,6.477,72.628,87.07,91.179
48.874,71.91,46.943,81.284,31.924
61.594,56.236,70.21,33.358,20.329
44.021,64.62,76.856,4.296,80.442
2.069,43.814,55.645,17.469,37.96
57.66,60.437,2.16,96.432,51.895
47.452,16.952,82.937,61.122,81.088
94.616,6.962,62.078,54.282,54.571
13.451,66.471,97.577,50.065,16.535
19.15,97.688,24.275,25.834,56.039
15.579,68.841,69.711,31.332,68.932
38.462,28.175,87.643,1.279,51.308
8.712,73.902,32.964,6.932,15.565
97.578,23.544,98.208,25.605,95.898
54.674,75.304,33.186,11.106,6.354
47.251,37.421,36.995,58.445,27.581
25.088,37.987,66.456,46.44,97.485
58.913,56.487,35.633,9.515,40.512
23.67,29.877,1.087,25.598,44.025
40.596,18.181,5.754,56.018,87.564
32.753,91.972,34.152,76.092,61.908
21.88,70.79,92.468,4.202,33.516
63.847,72.134,13.869,69.868,80.295
71.068,33.083,60.253,61.439,38.444
51.198,29.317,92.282,51.633,76.875
10.558,1.428,97.509,92.98,6.881
33.849,59.12,58.29,56.15,35.662
68.964,79.648,42.957,40.458,21.844
18.839,3.114,29.073,17.305,96.873
54.077,87.825,73.541,58.775,89.499
69.838,76.854,7.613,63.484,41.989
69.701,42.249,17.752,77.246,28.601
28.696,75.887,89.156,15.113,83.169
18.25,57.522,62.906,80.887,61.39
80.401,50.426,25.149,31.634,32.541
17.188,52.694,17.834,35.222,23.878
32.048,4.517,88.29,62.359,29.076
22.686,52.76,41.196,59.106,52.439
7.832,29.884,20.108,65.473,44.405
28.061,3.143,30.345,23.49,98.081
1.005,64.172,35.141,96.457,49.579
46.634,11.053,57.487,80.785,29.892
92.105,87.696,39.546,51.052,14.734
78.323,62.271,98.579,92.029,96.467
77.797,62.917,20.131,63.105,61.682
96.212,97.432,42.585,30.615,81.804
78.004,96.055,74.96,94.989,39.493
3.007,63.889,27.862,52.855,74.678
7.08,68.271,48.592,2.001,53.244
59.209,81.996,87.061,60.973,61.678
81.22,95.5,22.428,54.835,21.849
8.496,32.199,37.086,98.844,6.788
80.354,97.223,7.795,0.878,72.536
36.1,15.548,18.857,45.867,77.623
85.724,54.63,99.567,36.639,15.252
22.761,89.697,2.089,95.478,40.486
42.641,41.986,4.967,15.397,26.484
47.575,56.391,87.495,29.527,46.798
11.597,61.865,0.182,98.247,95.331
59.192,76.674,34.539,18.677,20.069
7.302,87.333,97.259,68.075,96.193
18.47,67.962,28.729,61.574,52.554
75.101,62.835,25.284,4.15,56.247
16.328,1.611,0.207,93.713,47.149
76.987,25.58,7.704,80.925,32.592
12.578,28.859,1.029,36.322,58.989
51.011,48.86,28.728,12.265,57.365
19.74,60.475,20.445,22.791,97.107
28.595,24.343,55.184,42.597,86.729
20.301,51.256,16.203,67.151,78.902
70.863,5.252,25.612,56.3,30.661
79.521,7.099,74.099,99.706,75.586
93.0,76.716,35.139,66.047,44.164
99.847,21.733,13.735,37.082,69.388
71.349,44.412,87.773,65.191,70.749
29.056,22.555,79.507,4.724,46.124
86.222,11.658,93.098,10.046,78.417
83.592,64.402,13.126,78.14,78.697
76.351,83.021,23.636,1.019,12.831
26.716,77.031,76.217,57.519,51.91
44.564,96.574,52.177,5.092,40.603
51.409,18.958,98.606,10.862,79.591
30.507,51.827,34.228,55.132,70.506
30.65,74.637,38.947,21.426,41.776
47.517,46.417,25.686,93.085,61.329
77.175,75.245,64.837,29.678,31.74
55.346,92.004,47.772,15.742,76.343
99.311,20.185,14.029,85.145,31.662
77.845,70.484,1.583,85.342,60.224
86.94,8.097,98.892,31.21,44.958
12.54,40.228,58.138,70.092,32.431
72.463,95.274,3.547,48.543,62.669
89.866,92.026,28.329,48.336,59.395
79.485,16.711,29.578,37.551,86.586
43.705,35.779,34.566,44.591,2.927
6.509,28.131,71.228,12.409,62.135
25.878,90.7,57.218,48.24,57.454
17.333,78.088,22.72,25.369,57.745
24.871,66.51,62.674,85.155,40.484
34.519,33.257,5.032,65.346,3.211
42.851,42.754,7.093,31.038,8.002
95.824,92.244,66.467,19.084,99.065
30.059,86.336,76.415,69.868,49.174
54.087,69.739,82.194,16.18,68.469
12.824,48.114,59.313,66.38,37.201
8.039,51.266,99.894,10.406,3.96
8.355,11.435,14.93,19.778,88.794
77.447,76.395,66.508,10.977,72.138
80.298,83.617,55.856,67.084,7.901
23.078,41.198,23.097,53.511,43.631
86.702,5.321,53.003,79.472,78.795
66.383,69.314,58.492,1.049,40.562
15.27,41.83,87.137,28.82,5.161
61.529,9.697,43.157,36.542,72.417
91.996,7.248,68.807,56.133,34.93
50.507,95.75,92.603,85.013,64.799
57.924,83.377,48.07,51.528,32.382
72.926,94.64,70.411,38.023,2.565
44.486,39.36,88.627,82.436,9.026
28.377,15.179,9.827,85.119,80.261
20.38,60.785,85.272,78.683,68.949
41.371,12.791,78.539,88.204,20.219
96.607,73.131,80.419,89.826,51.068
88.772,84.978,26.863,28.848,85.176
11.318,17.164,16.646,98.633,76.422
69.608,86.763,85.319,59.525,9.185
88.724,81.44,59.404,59.431,6.161
9.031,37.915,37.106,98.452,70.311
6.812,10.369,20.258,56.138,96.791
36.154,94.389,9.656,25.059,5.088
37.806,52.78,95.153,40.845,61.795
46.487,99.483,9.383,30.685,97.935
23.316,33.273,4.948,51.412,22.231
48.291,19.156,58.963,56.081,70.43
60.763,53.685,10.868,2.773,47.118
48.645,76.79,67.25,64.75,60.606
36.995,89.016,27.266,38.33,16.255
12.956,84.197,42.673,32.138,53.173
38.312,85.684,59.679,1.606,46.835
61.131,32.659,64.916,99.139,6.425
38.05,4.855,47.695,8.19,76.986
42.642,92.901,22.363,41.559,19.039
74.261,59.866,57.854,58.229,3.159
2.503,34.097,96.564,40.177,35.511
10.36,5.087,11.76,9.427,25.484
63.839,58.97,74.159,24.195,6.757
89.22,34.272,63.797,8.664,80.867
38.532,38.699,36.313,95.4,53.646
11.461,77.881,31.215,3.181,99.396
23.355,39.95,41.081,94.747,8.223
84.443,15.133,29.197,2.508,70.725
52.81,73.975,4.74,84.446,59.138
24.285,88.218,37.942,20.464,58.224
11.042,85.762,41.975,28.757,80.587
59.865,6.22,36.602,72.476,12.128
82.387,20.052,39.003,71.9,1.597
24.021,38.471,76.912,69.911,53.693
99.257,79.422,90.817,19.897,88.343
93.67,5.454,54.961,89.065,28.483
96.064,50.73,78.176,48.996,10.148
2.624,5.855,2.403,40.338,34.042
31.318,60.032,76.57,56.384,29.879
34.608,14.119,75.369,75.134,0.377
73.356,9.064,46.885,24.23,55.658
45.896,80.137,10.237,4.782,70.016
41.241,54.759,20.524,16.213,36.368
24.261,8.642,56.938,84.388,14.374
40.739,45.717,9.58,18.894,32.146
56.754,90.256,50.448,86.07,27.566
95.089,60.909,41.793,79.813,0.159
61.007,31.22,55.53,86.965,86.834
33.811,77.46,15.026,24.113,49.811
91.237,97.749,67.835,26.41,96.432
26.468,12.643,99.816,80.637,10.534
35.647,85.607,54.859,18.137,19.719
89.813,27.198,38.066,66.218,16.529
34.79,59.801,94.42,41.308,59.729
74.5,46.225,48.294,58.703,73.495
45.668,47.654,58.404,43.869,68.232
23.078,93.415,94.196,68.259,41.648
95.554,14.662,17.035,82.36,58.701
87.904,74.33,91.612,73.41,98.196
63.27,74.185,17.135,23.858,27.657
19.284,53.748,24.883,15.169,48.586
89.104,43.924,97.173,89.4,48.151
77.674,13.594,63.007,19.746,38.819
12.965,35.639,17.901,94.463,41.816
69.869,93.451,79.389,10.449,20.063
24.083,39.173,70.228,67.192,11.721
68.565,12.39,97.917,97.077,82.882
94.412,34.248,13.65,5.868,51.271
80.374,49.415,31.583,59.513,35.633
44.006,26.299,37.774,21.285,9.821
7.683,52.126,25.426,22.852,61.924
79.802,71.532,16.035,28.846,67.175
17.625,59.606,55.541,63.946,17.811
52.182,54.422,42.417,41.88,30.89
52.427,94.757,36.048,95.907,35.65
52.698,96.378,24.7,15.903,13.167
57.139,92.709,24.3,15.812,78.677
44.613,3.432,12.416,89.602,91.667
83.801,25.083,33.476,69.869,15.747
7.57,48.927,95.993,73.103,28.989
96.405,20.361,26.569,18.43,99.587
40.159,3.185,9.273,11.153,71.143
98.746,50.171,27.489,45.955,41.792
74.102,50.098,74.213,99.45,44.326
87.348,98.736,28.647,81.967,34.152
53.697,16.493,46.993,1.621,27.868
52.834,84.246,9.916,44.39,81.451
59.729,3.63,64.201,42.188,13.294
15.453,77.469,22.988,3.303,54.847
24.089,86.557,70.579,61.371,66.471
0.22,87.035,31.247,81.89,61.815
84.23,70.529,76.439,37.117,21.611
4.366,25.826,23.802,43.877,16.126
75.588,32.037,48.895,57.611,72.563
7.066,33.992,29.853,17.741,44.397
87.806,15.83,96.423,91.958,88.936
87.75,20.486,67.345,54.822,8.399
62.007,2.449,12.928,76.398,0.001
44.72,28.105,88.942,49.787,7.212
24.218,8.199,66.893,70.655,15.007
96.085,17.056,67.386,93.104,38.472
86.261,29.31,36.708,49.231,86.145
37.852,97.565,37.968,58.192,2.92
90.232,78.86,73.627,21.092,64.103
90.108,19.539,17.286,66.39,67.307
67.601,33.594,19.262,78.279,59.833
17.107,3.007,65.45,43.941,52.807
34.642,77.757,83.72,45.655,82.346
65.009,76.984,66.485,58.549,62.785
7.828,90.041,19.743,50.32,96.268
16.759,92.003,84.131,51.635,93.009
21.248,95.243,91.386,82.311,25.116
90.6,41.715,6.323,95.784,10.21
99.692,44.616,70.112,74.593,29.692
45.217,10.285,78.593,62.29,34.715
87.571,15.559,50.577,96.152,45.774
98.28,76.266,55.785,30.952,40.859
99.639,77.369,55.915,4.303,34.014
15.959,98.915,90.048,17.41,97.408
85.295,96.176,17.523,15.492,85.842
44.426,43.964,12.562,72.197,89.782
79.634,54.819,24.292,97.307,45.847
23.819,39.345,13.58,37.019,94.665
69.654,63.455,15.525,63.664,70.591
97.867,67.876,47.007,67.712,47.375
62.75,6.466,67.531,64.819,98.371
59.613,69.649,8.252,78.072,55.21
52.349,69.391,85.886,41.534,71.016
92.489,67.482,1.982,96.825,15.279
53.394,79.14,1.434,49.103,33.015
74.96,62.354,19.84,12.612,74.091
36.489,86.437,49.531,32.849,32.378
88.694,38.387,56.527,25.144,98.347
48.165,72.45,47.445,33.083,74.21
87.951,53.19,53.369,32.629,15.763
31.209,94.458,17.887,34.252,15.084
74.195,57.236,8.215,23.039,60.879
23.724,49.787,46.235,90.433,74.875
67.237,28.714,2.817,71.56,86.885
19.02,15.512,74.734,7.222,42.314
1.382,51.942,86.018,78.053,48.993
6.302,71.043,0.524,38.284,15.869
95.534,32.407,86.144,26.171,53.666
41.443,95.326,3.195,48.222,27.841
53.01,67.396,38.355,15.514,30.69
92.099,55.287,20.122,92.13,28.74
81.171,51.69,98.062,83.816,74.07
24.673,3.035,98.852,30.588,12.647
14.179,63.476,32.221,19.823,53.591
0.108,2.947,48.174,85.24,60.352
23.328,46.888,93.53,32.802,95.094
5.111,85.7,53.171,25.111,18.725
5.257,74.44,45.148,81.561,45.147
2.408,88.691,73.419,2.147,21.076
5.008,22.551,34.714,66.738,27.753
10.889,71.922,10.687,5.969,58.628
86.879,88.87,28.742,84.998,67.158
43.316,16.723,16.42,19.747,27.503
49.375,87.401,79.86,20.977,10.955
31.744,24.917,74.257,64.291,77.411
80.78,68.07,27.437,18.188,11.493
47.973,8.671,46.944,56.735,41.748
68.467,73.212,30.791,43.942,41.696
84.157,58.988,70.937,65.433,49.969
85.949,90.961,68.505,62.259,34.303
51.788,49.797,29.759,34.608,3.352
98.927,99.069,58.243,61.342,72.004
38.389,83.25,75.798,17.728,14.388
72.789,80.473,81.4,11.28,86.03
49.417,6.921,79.162,76.037,35.413
64.324,5.879,55.137,81.628,44.927
40.048,25.283,58.785,56.904,89.396
98.272,60.129,93.298,33.168,76.235
31.927,86.149,44.462,86.38,81.799
77.536,73.859,41.363,69.1,52.352
44.875,80.187,13.649,6.602,1.291
58.481,69.969,7.688,51.614,84.843
19.739,16.338,19.352,0.771,58.548
69.0,93.57,90.907,14.759,25.753
57.995,4.892,16.009,2.726,14.675
60.214,99.685,85.68,34.997,48.491
21.184,24.07,43.906,52.847,39.874
37.071,98.085,2.263,7.957,12.354
0.775,99.05,67.089,47.528,25.925
6.419,73.0,68.576,91.619,30.488
82.841,2.743,88.881,27.047,25.26
79.683,18.669,37.168,37.102,57.802
62.407,58.949,47.892,8.202,60.562
88.026,87.203,55.218,26.814,65.301
8.291,57.73,15.729,3.575,85.32
2.85,3.211,8.471,1.906,48.337
16.326,27.074,20.014,79.316,83.576
70.934,14.155,89.35,63.855,33.424
67.656,93.055,16.619,71.163,62.889
94.413,15.2,40.568,77.052,70.53
70.026,33.961,38.996,69.321,70.432
41.852,95.168,78.65,82.66,92.274
18.326,98.799,35.503,16.162,74.226
44.012,99.622,59.399,35.532,17.134
82.56,6.622,52.342,94.548,56.49
20.651,15.642,39.01,64.386,0.162
64.107,94.391,99.232,23.603,85.371
13.176,22.619,59.173,98.761,58.179
13.598,39.106,34.841,55.845,83.87
71.532,84.497,62.817,71.23,65.81
69.407,85.283,97.163,46.772,52.585
76.038,67.477,6.323,32.969,75.912
0.525,84.822,30.091,40.277,27.755
45.471,12.211,15.714,2.891,83.021
58.394,2.974,17.074,64.405,12.485
32.863,3.191,29.671,93.007,63.306
21.465,8.822,97.881,67.944,41.57
44.06,98.722,26.476,80.77,89.505
71.803,92.782,93.637,68.384,74.808
98.22,18.602,4.384,2.98,27.851
56.1,90.75,62.213,52.113,79.539
99.44,50.756,97.745,74.657,92.59
45.635,37.53,33.472,85.021,16.451
40.733,24.515,43.956,27.045,2.192
62.337,17.827,64.582,22.917,84.381
3.551,70.723,6.756,63.148,68.98
40.58,58.639,49.659,54.367,94.191
99.827,77.748,50.821,7.298,79.278
98.299,48.778,80.623,37.195,91.74
77.729,22.172,48.017,54.551,63.958
3.403,15.767,0.281,88.93,37.046
78.064,13.429,42.465,42.903,18.935
83.925,93.031,46.181,94.835,28.098
1.569,15.09,61.213,82.398,27.506
60.605,25.688,14.081,77.86,47.986
28.71,17.7,50.973,5.349,83.006
15.409,94.717,22.937,45.434,67.747
96.249,65.837,9.506,98.429,83.058
36.569,3.921,36.188,27.565,92.824
22.22,37.478,13.395,92.784,99.08
6.003,38.228,44.642,85.378,41.474
55.804,87.462,22.257,30.189,58.886
8.746,93.638,35.743,81.244,62.399
16.296,94.393,86.645,33.37,76.281
80.3,59.648,74.1,60.758,65.288
16.524,91.567,46.788,67.066,61.011
79.619,19.024,14.83,63.694,79.286
60.041,90.995,54.259,5.48,95.035
51.242,67.549,49.175,93.935,87.591
43.824,61.439,84.557,87.529,37.564
62.045,4.705,9.082,88.43,55.076
77.153,10.323,46.402,15.331,22.528
59.305,10.544,77.97,15.801,32.299
89.375,6.87,12.981,20.094,39.558
4.968,43.023,96.383,23.011,79.804
89.205,92.679,27.351,19.269,78.703
62.038,72.718,97.203,37.955,0.953
40.036,93.813,74.032,55.822,30.354
51.927,50.214,96.764,11.081,80.557
78.624,25.954,73.378,29.699,47.049
75.586,20.113,51.786,94.151,17.511
16.943,52.803,40.796,70.973,98.102
92.884,51.367,67.279,45.088,40.535
60.391,94.082,77.577,89.379,49.801
12.125,90.482,1.815,50.051,85.893
13.378,55.185,84.603,26.014,72.905
59.598,81.868,25.526,5.614,91.941
61.226,73.788,37.279,0.193,86.521
9.081,29.139,35.964,74.364,95.126
57.477,81.786,52.717,51.434,46.41
62.407,58.819,23.372,33.868,38.968
26.46,67.361,25.366,99.072,11.822
10.556,76.867,66.836,48.5,15.561
67.158,37.715,52.984,52.581,5.989
14.549,47.743,86.301,32.239,10.308
25.901,76.822,87.331,94.822,54.931
74.387,0.006,75.271,11.686,70.507
90.261,89.95,90.061,31.685,13.91
21.899,35.889,14.633,3.287,79.803
44.62,51.625,59.412,72.87,5.752
27.48,53.648,96.974,58.114,43.737
88.868,66.579,7.467,23.86,26.777
21.983,20.793,89.27,37.855,56.821
16.277,13.353,14.604,15.686,71.989
12.508,93.48,21.436,1.371,84.126
48.185,82.59,35.789,92.875,59.793
29.146,62.432,23.785,42.343,24.804
69.724,71.549,89.388,8.695,10.788
31.792,42.164,80.784,71.2,87.078
23.59,44.136,47.434,29.866,38.819
83.241,78.61,35.393,99.395,46.406
90.978,57.662,32.52,63.929,56.823
8.643,55.04,51.158,94.642,90.03
38.215,91.399,60.358,73.417,51.695
0.97,99.511,11.931,48.599,31.766
97.723,38.263,89.65,39.953,64.931
23.664,7.495,39.459,96.352,35.392
91.17,95.431,72.569,2.693,64.213
38.911,25.814,51.206,19.851,68.413
94.523,78.517,26.587,50.398,7.987
93.631,78.075,37.657,55.657,14.758
19.71,84.785,4.643,91.694,94.271
29.497,15.686,58.489,74.957,4.317
90.752,5.582,9.078,46.787,29.365
21.586,76.729,98.692,18.616,8.793
35.122,26.063,40.117,61.827,1.872
33.895,75.625,16.62,7.519,89.433
11.766,56.224,48.254,20.868,64.88
36.225,37.707,54.305,30.609,48.02
86.846,45.527,39.34,79.655,90.482
26.777,90.098,97.636,40.04,16.124
41.301,53.173,48.906,70.663,79.467
99.048,88.312,7.343,51.864,66.391
79.58,4.914,84.27,71.801,74.846
91.415,93.434,10.526,8.717,22.965
98.345,75.491,1.699,65.021,4.123
55.858,74.374,65.993,73.122,55.87
70.151,94.023,36.476,62.86,38.354
81.284,94.833,40.12,93.09,17.266
6.775,94.538,12.492,33.248,52.036
88.712,79.082,70.699,19.57,88.044
54.377,91.623,44.706,44.157,52.199
51.744,77.031,11.53,48.171,80.314
56.288,77.314,84.035,99.878,31.397
49.143,14.774,0.985,10.343,7.965
41.026,94.778,21.904,66.778,68.794
36.993,19.569,82.611,17.644,25.37
95.097,38.544,32.183,83.454,94.024
17.933,6.335,82.338,66.075,33.101
83.555,45.091,95.438,46.538,64.76
23.39,37.547,9.115,10.465,38.878
15.721,8.596,58.947,69.138,72.411
99.757,94.14,60.29,62.771,4.291
44.016,60.881,32.941,98.4,64.749
5.654,3.471,11.27,92.794,91.388
49.632,55.042,97.673,9.809,92.911
81.34,54.381,72.913,19.821,76.601
44.298,45.014,72.862,23.595,36.773
9.672,42.774,17.803,68.132,19.731
80.955,96.772,31.65,32.0,20.947
84.89,36.776,17.912,68.055,13.573
77.502,12.615,44.622,67.11,99.507
30.912,99.013,25.449,56.043,42.239
26.344,57.537,44.028,26.629,36.89
50.381,21.786,90.811,11.513,0.435
37.846,93.64,94.337,16.922,6.512
21.802,41.752,92.678,49.594,20.993
83.431,86.208,31.584,76.376,27.014
37.74,85.738,34.193,27.555,91.945
90.587,56.712,92.908,13.966,61.975
87.235,33.344,1.094,74.183,76.457
91.351,9.425,5.931,8.226,7.869
98.334,96.608,85.354,86.795,83.603
52.594,22.482,0.146,62.639,10.21
31.39,43.996,96.003,52.763,96.813
89.021,34.831,75.502,44.375,32.436
69.297,94.934,89.977,2.396,43.988
0.924,74.249,4.766,40.516,94.291
22.966,60.453,81.231,94.247,27.946
13.668,95.256,19.513,6.919,33.76
52.9,25.507,83.831,43.491,62.643
97.129,88.066,60.725,84.198,74.968
96.941,75.382,20.864,81.152,53.891
86.196,85.955,71.883,36.743,77.619
70.698,83.066,0.918,90.559,37.712
67.152,79.864,41.047,51.959,78.56
48.276,43.588,72.733,5.374,27.854
89.996,46.154,2.776,36.959,64.045
36.759,71.551,21.364,45.946,9.453
66.356,71.621,66.056,15.373,17.738
58.106,24.033,60.181,56.64,60.918
90.953,62.675,57.856,23.45,24.5
73.329,1.525,19.212,18.937,18.849
41.536,69.21,14.26,17.082,35.66
51.57,1.542,8.068,27.826,95.711
79.982,3.651,4.758,1.357,1.432
36.477,45.784,32.922,53.675,80.036
73.104,92.907,59.91,36.114,30.742
13.627,19.149,61.506,54.458,19.119
87.576,97.879,81.596,89.856,57.858
47.306,56.266,20.167,62.872,56.62
71.784,13.211,21.264,29.149,91.002
22.449,31.853,12.116,74.322,94.808
38.517,24.645,87.987,40.798,29.005
85.489,22.305,31.609,9.489,77.985
40.544,65.639,68.758,4.043,80.049
52.891,99.186,90.864,39.132,24.196
27.443,43.486,45.023,58.848,18.389
9.126,59.871,68.212,64.836,42.375
0.313,35.284,6.252,90.48,76.62
44.401,70.549,61.267,68.982,2.645
45.895,43.985,11.178,72.168,4.092
1.529,89.816,48.545,6.43,51.054
74.264,91.092,55.615,31.532,1.084
91.566,75.033,5.499,56.426,68.105
84.809,13.946,12.785,43.966,13.61
6.277,55.071,67.749,74.995,92.48
54.595,14.084,41.922,62.519,37.326
37.189,20.101,88.015,74.782,80.86
86.65,96.654,8.898,45.089,94.325
20.698,74.885,92.368,99.162,5.678
56.21,45.478,40.778,29.458,31.29
36.96,29.026,80.486,34.055,35.242
23.845,49.977,26.017,42.116,91.719
26.85,97.292,28.863,51.644,11.412
72.341,82.177,57.17,48.397,73.556
86.437,50.915,3.644,8.105,48.612
56.39,86.461,45.829,16.326,93.865
99.779,18.832,45.491,35.351,76.127
79.722,57.06,50.774,8.368,30.722
43.401,81.275,34.004,90.975,23.778
10.397,50.987,80.527,17.483,24.646
26.463,62.685,57.09,79.489,15.072
44.214,31.341,44.21,89.966,39.368
92.074,86.682,69.232,85.392,32.775
64.947,57.402,91.165,76.288,23.22
75.404,46.374,85.322,88.868,9.004
39.696,64.696,6.907,82.362,44.896
62.872,99.385,62.076,36.85,65.799
35.141,3.56,16.236,45.505,22.41
97.784,13.145,67.418,45.967,64.115
57.455,58.824,69.298,32.077,38.354
86.413,32.41,0.336,82.062,16.515
26.276,29.587,92.177,43.799,34.762
50.682,95.229,31.064,14.004,97.297
94.669,51.649,40.702,78.753,3.479
28.665,53.954,80.864,68.894,78.625
90.375,68.56,83.215,60.148,38.228
25.762,20.061,91.407,0.882,98.367
79.84,1.373,34.029,50.435,98.394
73.78,80.549,6.963,40.691,31.865
79.459,96.017,7.498,60.413,63.786
68.516,40.456,59.6,33.073,73.051
56.849,34.23,95.041,0.146,14.092
93.356,78.934,78.629,1.834,44.434
24.045,41.165,19.683,93.289,67.876
8.039,80.195,44.686,81.593,44.765
64.034,90.12,68.58,1.34,34.413
22.096,87.346,10.766,58.544,83.034
31.265,87.334,98.581,82.471,39.591
9.938,40.655,62.152,71.682,80.183
26.809,66.713,31.41,17.64,16.961
52.473,11.664,57.436,4.6,91.304
65.651,14.517,37.145,42.538,97.121
85.381,41.13,57.63,92.73,3.316
84.876,43.821,66.193,71.172,89.3
51.949,26.679,30.751,46.22,99.576
72.995,23.465,79.492,9.76,44.91
83.678,72.96,97.59,38.5,73.665
65.113,69.25,97.592,15.071,47.999
31.085,60.482,66.647,1.437,73.765
75.5,97.04,57.037,60.648,46.576
3.59,22.501,68.47,84.613,5.539
54.059,55.259,32.622,85.832,9.055
37.412,85.58,89.112,28.938,77.015
76.059,73.873,27.367,2.843,40.792
18.47,5.684,24.518,17.999,55.533
59.765,64.748,88.603,39.023,88.177
2.943,41.9,53.849,24.7,31.181
64.384,30.981,41.434,43.503,14.717
59.723,90.677,12.121,28.791,20.401
83.452,17.975,51.829,24.816,74.823
98.157,76.38,71.946,18.104,26.879
92.728,60.427,54.612,59.985,68.627
69.496,72.402,32.216,44.476,1.327
17.786,19.892,37.771,42.643,26.549
52.094,31.594,15.03,48.707,85.991
53.157,23.282,48.226,93.959,44.95
15.524,7.358,10.262,61.255,45.676
24.125,85.401,16.424,64.898,78.479
18.656,90.758,82.035,25.046,33.507
86.081,30.615,49.561,34.891,57.825
42.075,74.034,36.668,41.154,86.621
9.755,14.495,95.175,40.062,77.008
84.294,60.026,2.826,80.64,71.729
21.681,94.583,89.335,31.548,8.675
89.02,74.798,39.609,80.136,97.906
78.912,79.071,96.343,47.782,42.256
77.159,95.255,67.885,28.27,42.987
92.021,5.933,3.4,44.021,86.46
13.817,55.887,2.149,78.318,67.985
98.742,51.309,52.272,72.717,63.969
2.897,51.283,73.456,75.503,18.929
63.925,78.398,14.587,78.318,21.407
61.27,0.469,32.453,52.439,31.117
47.519,91.646,57.128,29.331,40.005
55.716,89.817,52.657,24.003,99.955
76.949,89.439,43.893,55.883,64.779
97.636,0.318,59.851,25.014,20.49
57.914,86.384,97.27,76.386,92.249
14.611,33.564,47.318,13.33,33.978
93.407,15.944,21.002,72.53,15.651
45.76,79.806,50.056,51.293,32.992
76.786,71.846,66.027,97.758,80.259
86.513,19.654,56.967,91.674,6.935
15.637,50.151,33.478,92.282,7.459
66.594,20.305,26.358,86.329,8.526
77.898,63.986,73.528,81.425,22.601
94.05,82.66,74.844,4.993,2.007
60.633,3.502,56.562,17.034,24.638
34.31,45.431,23.507,69.598,54.631
28.53,54.743,61.936,38.029,19.922
17.232,35.7,13.237,58.374,13.243
29.05,44.03,25.072,11.371,75.149
52.779,26.603,1.328,28.092,68.157
10.976,27.023,70.967,96.372,76.366
25.119,20.166,9.674,13.109,90.158
58.582,47.499,10.092,27.99,74.182
88.17,68.765,7.876,7.683,71.178
26.238,95.155,50.675,62.32,71.647
69.578,54.534,13.332,12.14,15.206
96.762,81.08,2.119,17.152,0.948
93.992,3.85,90.482,49.34,33.375
64.372,43.715,35.475,1.239,73.899
57.751,87.424,30.163,16.674,67.792
11.729,65.965,15.45,96.309,73.745
67.618,51.954,46.3,37.989,4.264
13.294,22.845,1.147,71.043,35.037
53.862,85.096,3.467,33.356,81.114
90.165,2.656,55.793,89.742,75.895
90.26,88.108,3.826,4.511,32.096
40.115,66.657,46.973,11.526,22.675
49.419,62.889,96.517,92.879,19.109
91.084,48.353,86.196,86.155,84.358
17.903,82.895,41.578,67.48,19.673
22.312,10.785,8.271,21.186,15.21
53.445,46.232,26.133,95.739,63.564
44.157,53.376,12.176,25.467,21.497
2.414,74.665,21.758,52.611,6.438
24.651,60.776,31.202,4.107,43.026
9.397,79.117,58.499,87.924,14.853
62.93,51.577,88.972,47.496,68.24
47.819,85.626,99.526,90.618,88.563
46.372,7.346,70.97,10.196,59.741
84.442,18.1,29.185,73.529,24.248
37.972,62.539,86.362,94.191,70.963
47.473,7.281,38.222,62.968,67.931
67.157,13.021,95.693,67.688,38.266
30.186,48.799,13.891,47.662,59.037
68.37,55.504,94.761,62.544,19.291
61.759,77.508,49.735,93.087,9.689
47.373,88.176,38.328,67.504,51.233
37.514,84.817,50.462,17.458,50.03
3.492,23.107,42.28,62.888,53.447
92.285,81.615,74.635,55.86,49.194
61.101,16.641,75.041,77.55,9.715
95.994,22.288,8.42,43.34,94.943
38.434,20.617,51.024,41.382,39.339
4.682,21.817,84.214,93.091,5.016
87.879,2.18,45.895,9.508,10.643
55.384,88.008,35.517,68.056,26.811
31.897,67.05,92.369,29.686,40.758
80.583,90.598,88.309,67.394,51.683
36.059,54.216,47.386,77.959,53.284
16.417,64.926,83.693,71.061,94.59
55.444,87.234,49.968,97.597,84.563
38.04,84.569,51.688,42.187,40.766
33.76,11.427,14.439,4.739,3.23
66.352,78.595,20.486,65.133,99.183
47.842,62.747,35.4,94.615,45.651
58.67,80.712,61.16,55.557,93.568
5.037,96.107,80.411,11.171,61.935
59.643,94.989,9.653,39.191,37.599
21.715,58.53,9.299,62.443,12.438
74.684,86.703,64.116,35.966,48.264
43.284,55.397,80.887,39.74,83.043
76.761,60.289,20.127,52.975,23.141
56.042,89.486,25.799,24.252,78.638
51.066,27.706,48.755,60.567,23.149
88.362,68.877,54.767,30.262,82.797
16.983,42.747,8.864,98.592,15.492
94.533,78.592,12.077,21.402,50.551
33.736,32.521,29.693,59.559,36.936
91.038,58.339,71.324,85.378,51.445
34.341,31.524,35.276,69.029,95.018
47.977,95.517,42.731,94.282,98.081
35.437,30.906,6.628,61.419,97.696
23.492,93.545,2.118,39.547,62.943
78.307,53.665,5.889,77.587,3.225
94.005,11.61,26.494,47.263,78.174
66.557,14.618,7.6,7.42,59.58
54.928,42.491,52.511,64.852,85.275
81.54,26.647,12.574,89.873,61.427
97.479,73.664,66.346,7.579,83.949
27.19,85.842,53.407,26.449,76.308
86.468,8.05,46.095,97.549,11.587
27.299,31.922,73.12,56.792,21.786
1.09,82.661,40.425,4.939,58.486
46.731,37.425,43.751,13.345,74.726
16.503,14.735,91.801,16.564,68.469
53.423,68.564,13.316,37.424,48.917
4.974,94.934,47.71,28.678,76.467
38.219,17.661,33.214,35.902,9.726
52.841,68.539,31.047,92.531,20.835
59.674,55.739,21.391,22.196,68.547
49.253,7.784,32.894,6.043,5.748
16.703,8.148,80.792,88.171,66.573
35.228,61.882,96.451,25.677,20.909
13.867,40.278,71.577,83.611,85.643
87.434,8.409,62.101,69.812,64.108
59.668,24.865,25.257,27.297,72.605
36.091,79.698,34.113,63.327,98.681
9.493,93.31,54.222,14.774,51.821
8.321,0.348,53.512,21.402,45.062
10.504,66.546,18.635,78.357,98.337
0.08,64.998,53.376,27.901,8.958
13.136,72.73,27.478,19.444,38.737
80.196,61.258,64.897,61.907,51.453
86.981,34.466,92.736,68.058,35.691
16.838,26.003,68.807,27.217,34.508
96.255,83.403,75.482,16.164,49.095
96.022,63.077,85.158,12.546,64.92
40.425,59.114,37.894,88.64,40.749
96.504,63.801,32.658,44.901,13.047
3.577,13.146,72.198,60.785,72.919
13.37,89.881,57.538,65.178,67.699
45.513,24.854,36.217,8.269,36.81
21.779,10.344,92.256,91.883,6.75
13.079,71.539,36.582,47.506,50.632
81.163,38.32,13.792,57.445,28.62
33.067,20.169,37.676,52.68,72.532
2.291,77.314,69.085,60.815,7.975
35.568,47.605,18.676,53.182,13.0
91.7,62.322,0.768,94.912,88.859
36.68,75.751,70.544,7.974,61.367
53.106,73.039,28.868,22.285,91.074
16.211,49.683,63.964,29.627,68.305
6.491,68.075,19.335,79.843,51.152
40.876,48.469,82.283,63.448,77.813
19.93,67.767,15.551,1.651,47.045
85.636,51.974,85.557,81.814,52.751
80.891,37.125,80.429,6.695,30.361
11.86,0.871,6.6,76.445,1.239
52.102,78.433,1.833,97.446,15.854
69.099,47.007,69.019,41.439,12.524
82.233,75.152,32.879,68.778,36.773
90.546,13.942,32.587,80.245,90.739
12.036,10.531,46.892,42.199,0.93
82.159,91.916,70.469,4.356,49.106
30.998,53.182,38.684,50.702,92.792
0.667,10.488,68.436,6.569,41.302
90.946,68.76,26.141,80.035,52.801
95.522,4.162,27.154,67.784,7.291
41.975,88.96,2.625,3.009,82.16
64.704,12.283,7.076,16.818,17.743
90.281,69.036,9.038,22.34,62.629
14.564,78.641,78.158,41.597,70.883
38.017,31.215,7.747,98.332,3.493
6.597,96.46,33.282,19.474,55.987
22.16,98.981,76.531,67.434,81.797
12.805,5.612,67.977,97.46,93.713
6.331,23.185,75.114,71.776,90.854
91.647,49.564,26.979,56.242,2.357
91.952,20.609,77.337,85.733,11.248
23.212,4.523,75.41,68.948,67.25
5.08,21.694,0.047,17.399,1.474
8.94,92.697,18.792,56.426,96.61
96.584,95.269,62.901,99.784,40.136
10.363,91.035,18.013,17.723,4.323
42.916,51.431,84.421,95.914,14.809
77.778,88.308,13.147,79.313,82.026
41.899,99.021,33.898,78.286,48.656
33.947,64.408,83.774,81.542,31.954
84.552,66.423,84.556,30.922,21.88
97.083,37.911,4.958,54.188,57.232
53.616,98.011,88.26,46.521,26.238
71.727,66.035,50.168,48.754,33.511
80.216,30.663,25.051,34.472,68.337
11.692,10.352,13.669,91.053,53.1
67.174,64.66,42.44,7.334,13.224
66.925,93.14,71.345,89.655,47.174
1.38,49.641,6.6,94.976,40.868
37.675,3.403,79.241,13.593,16.653
32.666,74.011,29.956,71.97,56.979
42.86,38.127,49.672,40.203,34.31
14.981,88.028,22.157,51.588,13.284
66.782,32.575,48.671,96.819,96.221
64.557,86.187,26.164,13.324,85.168
13.592,53.706,95.103,22.253,25.606
82.038,53.44,66.27,41.193,35.03
42.251,91.463,86.789,29.564,39.098
85.871,34.762,55.215,46.392,73.129
42.937,3.924,93.661,0.258,15.517
39.058,28.616,69.61,41.881,0.087
67.119,24.18,85.038,11.142,4.918
96.493,31.042,32.876,70.279,30.018
47.139,97.887,20.863,14.555,67.585
51.867,70.969,84.32,13.099,17.827
75.089,24.1,94.882,89.727,16.355
39.564,59.673,91.976,63.832,21.849
87.267,52.589,83.514,59.236,55.709
15.802,38.998,82.085,6.949,0.939
45.125,43.031,28.49,11.998,84.473
18.597,62.591,30.769,22.605,63.436
34.483,40.104,65.333,44.241,6.943
28.046,73.097,23.941,59.814,3.519
4.173,28.276,79.766,1.26,76.402
72.351,65.186,33.551,9.218,78.231
21.228,78.586,50.347,27.176,1.792
61.037,57.969,98.17,57.471,41.257
86.256,77.352,60.634,98.6,93.666
9.436,4.589,73.755,72.083,49.166
57.868,57.068,24.968,71.747,31.745
33.397,66.851,37.85,15.34,82.631
62.729,86.575,48.747,0.977,78.309
98.532,44.036,93.457,18.692,27.662
2.083,19.223,10.789,45.162,66.427
35.51,55.359,97.573,73.065,25.942
56.167,34.353,97.99,91.454,0.62
55.534,45.069,22.597,67.756,28.223
82.391,96.922,82.634,50.027,32.061
57.896,83.627,47.21,57.29,77.586
27.703,95.986,63.997,5.231,6.358
1.424,42.038,39.724,26.631,44.98
2.533,54.253,97.774,84.349,62.007
75.582,75.933,80.966,67.307,7.85
87.014,11.555,63.107,27.968,59.618
62.397,80.137,9.919,2.537,48.818
70.519,68.47,97.971,25.282,59.01
32.837,4.028,60.146,99.848,22.302
35.491,5.249,19.114,15.089,2.164
47.64,32.693,50.981,45.804,51.116
71.061,84.401,18.682,51.65,3.726
29.05,41.099,23.708,91.999,38.301
22.406,29.594,48.471,41.191,29.717
26.454,21.26,21.49,48.701,9.207
44.056,54.463,84.811,44.264,16.069
41.25,55.454,17.723,86.965,30.064
49.923,29.691,11.789,31.434,91.004
46.159,20.01,94.303,71.661,53.321
2.461,19.234,64.71,63.929,95.83
23.503,24.167,27.624,68.319,27.621
59.764,27.575,38.114,66.422,80.387
8.414,68.535,79.035,75.696,88.287
84.664,69.752,96.154,10.859,27.221
54.385,57.586,25.61,98.245,87.871
33.103,52.184,21.875,71.631,84.645
10.444,90.685,98.714,0.352,96.82
16.349,94.607,13.285,14.986,43.146
11.713,18.392,65.612,59.506,64.071
8.055,41.233,60.178,58.635,55.164
70.816,37.373,7.412,10.806,30.991
1.207,58.777,4.535,5.4,43.758
49.481,50.839,39.304,89.069,48.735
51.612,45.723,5.271,81.5,1.682
14.361,87.776,87.57,88.754,24.114
20.568,55.653,99.796,7.217,51.3
76.899,38.73,44.392,38.358,43.336
61.374,79.955,22.33,14.999,7.209
40.415,53.824,73.32,54.688,68.403
71.22,54.889,60.681,54.449,25.92
56.068,32.906,97.905,97.01,51.054
53.576,43.429,4.515,6.084,73.483
62.669,73.187,79.254,3.815,40.901
37.751,47.443,76.596,80.702,47.525
46.41,31.705,92.975,72.006,84.279
20.089,67.766,11.485,10.329,70.939
91.8,90.439,78.699,87.352,86.21
1.011,12.012,82.111,5.257,41.69
61.509,91.374,17.07,97.809,24.098
13.064,57.396,7.937,5.752,12.621
81.862,75.251,30.798,94.916,83.693
93.289,97.797,22.016,35.381,28.739
76.459,93.002,2.406,60.865,55.164
51.001,94.852,81.088,59.423,65.338
99.743,64.091,66.442,93.831,58.751
31.093,12.02,91.295,47.035,83.035
28.051,78.475,28.217,30.556,43.341
8.571,26.474,27.785,39.793,48.341
66.132,91.871,83.813,40.053,27.851
5.997,81.204,11.232,43.257,13.23
97.31,76.031,42.663,82.854,98.279
89.771,98.936,65.129,64.343,46.196
11.763,31.801,76.44,48.48,47.885
40.533,56.61,26.627,19.368,29.484
91.624,60.634,96.862,15.589,79.027
18.768,62.447,90.795,80.195,82.646
14.671,89.467,64.817,40.598,76.137
57.736,96.938,88.064,40.369,12.63
48.939,35.601,63.92,58.755,52.954
58.062,74.674,90.108,11.408,47.777
25.139,6.29,75.938,56.398,0.815
30.49,39.755,89.582,51.814,91.309
16.57,5.989,19.418,72.603,6.802
11.566,30.304,31.04,86.328,14.875
5.472,23.06,72.073,88.897,19.951
71.495,93.156,64.096,77.119,6.679
27.6,94.0,94.431,36.435,55.61
24.354,0.223,12.897,60.04,49.48
58.772,97.237,47.039,66.885,3.643
21.276,91.477,0.531,99.833,90.585
97.048,89.672,5.749,81.435,67.8
38.996,40.469,54.719,82.588,51.828
66.863,62.699,31.979,64.013,43.79
89.51,1.854,33.919,75.227,72.907
97.421,26.789,71.883,87.323,68.635
65.616,12.62,26.223,83.424,73.338
43.56,76.361,68.599,44.869,73.838
16.46,17.038,76.587,84.693,20.053
58.853,94.674,33.766,21.774,65.628
61.968,49.363,84.182,83.498,64.917
48.871,7.589,11.997,98.825,83.443
65.111,69.692,56.404,56.941,41.749
7.533,46.819,65.677,12.87,67.744
12.109,93.277,42.536,46.463,18.226
28.416,37.415,81.848,98.726,68.33
12.057,82.118,51.412,90.904,16.199
72.395,85.935,54.0,41.835,77.631
18.805,11.549,82.648,84.144,71.443
21.75,97.708,37.071,42.718,54.099
59.48,92.66,97.429,73.458,50.831
13.86,24.44,59.103,38.427,44.038
26.254,30.173,81.039,42.675,34.693
2.696,75.794,98.518,28.397,75.017
87.857,21.482,33.598,10.769,88.644
27.953,59.447,17.731,42.833,40.666
45.971,1.345,21.99,30.941,44.465
57.211,41.706,98.216,12.455,24.672
38.538,58.257,47.122,34.114,38.148
76.052,87.861,56.375,91.386,29.349
28.596,81.285,56.382,44.045,53.846
23.659,43.139,5.554,68.94,27.099
78.437,21.103,38.291,89.266,21.989
79.76,85.966,35.322,34.87,19.313
80.372,23.298,60.482,29.261,95.539
31.506,57.427,65.356,83.855,1.751
36.029,22.526,79.043,70.359,44.877
52.776,65.401,9.327,92.772,61.439
96.43,7.328,47.634,99.396,88.577
39.768,13.052,17.058,0.728,85.103
5.874,71.298,88.22,79.826,57.133
44.896,43.555,20.524,4.487,98.878
16.52,23.463,8.911,96.204,66.759
66.729,73.902,65.846,68.515,59.911
57.115,11.422,21.821,47.689,49.375
73.051,53.092,47.244,17.879,95.894
40.365,13.022,27.211,30.786,51.715
27.827,20.193,77.673,16.832,19.05
22.413,38.573,23.532,2.628,78.298
71.217,7.978,85.457,12.173,97.975
30.489,34.597,83.965,75.518,97.983
2.368,31.807,64.004,66.163,23.218
30.334,50.846,64.452,24.054,97.193
11.853,50.164,10.225,72.97,94.551
39.73,25.068,79.057,30.93,19.93
55.38,10.929,27.38,82.864,34.417
16.175,54.91,78.528,83.238,64.476
83.762,42.264,95.658,84.526,2.53
17.521,4.836,46.06,65.309,70.924
30.284,3.909,83.055,75.919,34.959
92.395,38.261,80.317,91.63,92.999
68.901,79.136,64.686,26.909,98.931
91.425,95.686,56.963,65.76,23.821
24.672,99.466,31.061,53.193,4.523
