0101100010101000010111011101111001000000101010100000111100000001100100100011000001110111000011101110110101100000110100011100011100101100010010100000000100101000101001000101111000100010001110010000010101110111110110110000000100000000111000010110010010
1000000110000100010000001110001110010101001011010011010001000001011101100001100000010101010100010001000000100110001000011110000100000101110010110100011110011000100110100000101011000011101100001000001110000000100000100011101110001001101100101100100010
1000000100001111000100001100001100000001000001101110001001110001000010100100001001110000000101000110111101000100100011010000001001100010010110101000000000001011001000100101000000010111010111000110000101000011011111100010100000000010000000010110110000
0001001100001110000101000001000000001101101101000000000000000001000100001001110001101000111001100011001000000000011001011000100000010000101111010011100111010000000010001011100001001000010100001000010000010010000100000101100000000000110110011000100010
0000010000000000000000000110010110001000111000010000000101000000000000001000100101100011010000000110100000000000011001001000110010001010100000010010010100100000001000010000000010110100111100000001001010001110011001000000010000100001000010000001000000
0100000001000110000100110010001001000000010011001000010000011010000001000001001010101110000010000100011001100010010000001000000000000001010000000100010011100001010000000001000110001000011110010001000010101000010001100100001001100100000000000010010110
1100010000010010010000010100001000000111101100001101010010011001001000001101000010010001100101011000101100001001100001001001010011010110001001100000101010010001000001000000100010011010011100011001101011001010111011011010010010000001101100100000100001
0000001000001100100110001010110000001010010010111100100100000000001101000001011101001000110111000000110010000000000100101010011000010100001010001000100000001100101000000000011110000000011000000101011111001000110011010001000010110010111000010100010001
0011101011101010010101000010001000010110001001100111100001000001100011101011010001100000101100110100100101001001100100101000011100000000101111101000011100100110111100101000100010100010100100000100010101001001010010001010101110111000010010101001111000
0000000011100000110100000110000100000010010010100010000100001010110010000100110001011000010000001001001010101100010000010000110000111000001001000110010010100000000001100000110010101010000011100010001100001111000001100000101010000101010011010000100000
1010100100100010110001010100000001010100100000010000010000010010100001011110000000000000011000101111010101010000010001010000001000010010000000111110000000000000100001001011100101011000010001100100110000010000000111011010000100000100000100110010010100
0001010101000010001010000110010010111100001100000010000000100011100000001110011010100011000011010100100000000000110011011010011000000111101100000011000011011110100000000000110000000101000010100000101101100000100100010010001111001111010111000000000001
0110010000100010111100000000001100001000010001000110010100000000110011000000000100001001001000001000000000001010000001000000000010100001000101100000111100100001000001010000001001010001000000000000101110000001000110011010000000101000000100011001000001
0110110101000001010100011100001001000000010101110101000111001010100101000010000001001000100101100110100100000010011111000000110110000111000110000100100101000001001010110001111001000100101000000010101110000100010000000000110101110001101000000011001110
1001000111101001001110000101010100000000010101101000110100001010100000001010101010011010110100010101011100011000100000000111100001010010010110101011100111110010100001001011000100100110010100011011110001000110001010000100101100010001010001111101010010
1000101010000001110000000010011001000100000001000000011100110100000000101001001000000011110111010000111100000000000110010000000001000011110010011001010001001000101010000101010010101011010000101100000100100001101000110000101001000000000001000000110100
1000010100000000010101001011100010110100000000000100000111110000101010000001111100000101000001100000101110100100010001001000000110010010000000101000000100001001000000001001010110000010011011000000001000010011100000010100000011000000000000010010101000
1100111011001100010110100010000000000100100111000110000100100101100101100011001000010111001001100111001110010101100000011110000111000011010000000010000010111000110010101010110010100100011100011100101000010110000100000000010100000100101111011000101000
0101000000101001011001011000010100011010000100101000000110100110010101000000001010000110011000100100010100101011100000100001100011001110000010010000001011000110000001100010100001100001100110001000110010100100000000011100100010100100000100001011101100
0100101101000000000010001000001001001001001010000000001000000101010010000000100000000000100100000001000100000010001100000001000000101000100000010001100001110000000000000000110000100000000000101100100000100000100000000111000000000100001100011000011000
1100101011010001101000100001000000001100011000001111000011110000000101001100110101101010001001110001110000111110110100100001110001000100000011000100000001000010111000100000000110010000001111101000011101001101000001000001100001100000001000001011110101
1000001100111100000000010001100100010101010000001101100111000001100000100001011000001001001001000111100111000001000001010011000000100110000100001000100000001100100010000000100111000000011000000101010110001001000000001000010110000111001100000010011011
0101100100000010000110100100101000011101101000000100110110011011011100000110100001010010000100010011101000000000000000110010011001110111000001100101110100001110101110011000100001100101011100011100100100010001000110010110111011000000000110011110000001
0001000101011100000011000001000000000000001011000000000001000001101001000000000000000001101001001100010001000001010110000000000000000000001011000000000001010000000000001000000001000110110000000010001000000010011110000000000011000100010000011000000000
1000001010001001110000011000000110000011010000100100000010001010001011010100100000000101110100100010010000000000110011010100100111101010011000000000011000010101011100010100100000010010100100000100001000001101100110100001010100100000010011100101100000
0001001000010010000100010100001101000001111101100001010001000000010110011100000010001000011000000101111100100000001100000101000110000011110111100100000000101001101101000100100000010000010001100111000110001110010000001010000001000010010110101010000101
1010010111101011000110110000010000110010101000010111011010011010011001110001100011000000100010011000001100000101001011010110000110000011000110101010001011010110000101000100001011010011011110000010000110001010000100100000011101010100001000110001000101
1000000000000000111000010100101111001100010010110000001110000000001000101100000100011100000000100101011100001010100110100010001110000011010000100110011000010010001101000110011011100000101001100100000000000110111011100000001010001000110000010010010000
0100010100000011000000100000100000000100100101110100010000000111000110110110001000000000000000010001000000000001001010000000110010101000110010010000011010000000100001000001010100001000010000100010100100010000011000000010100101000001000110000100000011
0100001000000100100000001000111100000101101000000010001000010001000000100000000100000100001110001001010001000000100110100001000110000000100100110001001010100100100100000000010110000000001000010001001000110000000000010010111100101000001000000100000001
1000000010010011001000101011000101010000100011000000000000000100000001001011110000101001000010010000001010101000000000000000001010011110001010000011001000110000010000001101010000010000000000000001100100010000010101000100000100100111000011000101100000
0110010001001010010000000100000010000100100101100000010101010000011100101010000001010010010000101000010000000000111011010000100011101111000010000001010011010001000001110000111000000001001110000101000111011000000110000100110000000001001000010000000100
0010000111001110010010000110010101110000000000000101101011010000010010000101010100100010100100000000000010000000111011110011101010010000010010000111000000001000000101100010011101100001001000100101011000100000000100010011101010101100100100001101010101
1101100011010010010000100010011111011010101001100001011101001111001100011111010111000000000000000101010001111000110010111010100111001100001101101000011011000100100110011101011100001000010101000010100100001000110011110011101010100010000100101001001110
1100111001101001110101001101001010010011011011001000010001000001011101100101110010000101011100111111100011001111001000001111110110010000100010100011110000101000101000001111000011111001110100010010100010111010010010101010011100010010111001110001001000
0000010100100010001000110101010011110001110010100001001100010110001000000010011100110001101101100000101011100000111000000101000001000001011000000001111110000000001100111011011000010100001000011011000000111000001000100000100111000110010001000100000110
0000000011101100110101100000110000100100001000010000000111011000100000100011000100100010000100100010001100001110100000101011000000001100110000000110001101000001010011000001010001000010001100110011000000110000000110010010010110010100100100101010001000
1001110010001000100011000010100010010000110101000001010101000010110001101011010010011000100110100000100101010000011000000011010101101001000111001010001000010010100101101111101000011101010011000000010000110011110001011000010000100000011001100110000010
0101000111000010000100100000000000101010100100010000100001110001000010001100010110001000000000100001000000001001010000110000000010100001001010011001000000110110100100000000001000011000010010100011011010000000100100011001010000000000010000010101001001
0100000011110000100000100101100000001100000001100000001000010000000001111000110010100010100100100100000000000000000000010001111100101010000110001001000100000100100000000010001001000101000000110100110000000000100100101011100000001000001000100000111010
0010000010000001011010001001000000000000001010010100001100100001001100010000001001100000000011000111110100000000010100001001001000011000000000010110000010000001010000001001010001000001000000101000010001011000000000101000001000001100000010011110010000
1001010000100001000110100000000010010000000010010000011000000100000000010011001001000001001000000111000000001010000010011110001000101000001000100000000010000001001001001000000101100001101010000001001000000100101000101000000100100000011010001000100000
0001100001110101100100001010000000100010111100000000101000100000000000001010101100000100001101100010100001100000100100100100110101101001010010000101000001100101110000010001100010001010000000001000001000001001000111001000000010011101100010000010001100
1100011110000111001100101000000000000000000000000110000010101001010000100000011000001000011101001010000100000000000010000000000000010101100011111011100000011010101100001001000100010000100001110010000110001000001110101000100101000010000000001000100000
0010010010001000001000011000001010100001100000001110100010011000001111010000010010100100100000000110000001010001001000001101011001000110001000000000001100000100100000000001010000010001010100010001110110000001000001010000001100101011001100000100000001
1101000000011101000101000000101100111101000111000011100101001000001010100000001010001101001000000110000001001000011001000001011010011010100110101000000000011000101001100001110010000000010001101110010111000000011100011000000101001100010101100110100001
0010000000100001010101100110010001000110000100001110110100110111110100001000000000100010001011000000100100100000001010010010110110100000010011101101100000000101101001000001010011001000010011101000000100101010010110101000010001101000001000000000101000
1000000001001010000011000110011000010100110000000000000011010000101000001100000010011100001000000000010000000001000100101010110101100010000000001001000011100001000001011000100000100000000011000001001000011101000001100000010010000000010010010100000100
0000000000000010101101010010110001000110011111110000110000110100110000100000110000000001010011110101100100000001000101011101000101100000000110011100000110110000101101001100000001001010010110000001000000110000011001111001010011001001000110010000010001
0000000010101101000111000000000100010101000000101000000011001000110000000001100001100010010010000111110001100000001001010000011100111000000000001000001000001100100000101001010010000100010001110000000010000010000000100010110110011001000000000100100010
0101001001111100010100110000000010000001100010000100110000101000000001100011001000100100111101100001010000000111010100010111100011100000111000101000001100101101001100010000101110000000010110000100001010101001000000110000101110010000000001010100001010
0001000000100100110000001101110000101101000000100000000000100001010010101000010000100101000110000001010100000101100010000000001110000000100110010000001001110000101000001000000010001000110100100000000001000000101000100010100010101110010100000000001000
1000010000111100011000011100001100100100111011010011011000001010001001000101010001100000100011101101100100100010001001011101111100000001001001110100000000110010100000100001010011100000111111101010010111001100001001101001011011101000011000011001000101
0100000111000110110100000100010001101000101110000010000001010011000010111001000001001101100000001101000100001000110000110000100001000001011001101011011100010100101100000011010010001010001000000101101010010100010000011100001000000001011101000100100011
0101001100000000100110001011101010000010001100000010000011010001000100101001110100001110000100010100011101001010010100100000111100100100001010001010101100100000001101000001100011110010001001100101000111000000111100001010010100100100001000101010000001
0101001111001000000010010100000001000110100101100100110011101001010000001100101001001010001101001000001100001000001011100010101110110100100111000001001011000000000011000001011000110100010001001010010000101110010110000010110100110000100110000100111001
0110100010000000010100000000101001110000100100001000001110000000001000010100000011000001110001100000011110110000000000000001000001000010001100100000000001100011000100100000101100000001000000000000111100000000110100100100100001000000111110001100000000
0001010110000001010101010000010000111010000000100110101110010010100101000000010110001110010000000000111000011100000011110101000001001000110001010100001101001001001011000101000010100010010000101010010100010011000110000011101001000101000101011000001100
1000000000010101010000010001011100011001101111110000111000110000001110010010000000110001111000000101110001100000000010011001100001110110110110000000010110010000101010110010001010001110010111000101100101100001010000111000100110000000001100101011011101
1110001111011000010000100100101110000100101110110101001110000001100111011010111010001001010101100010000011101100110001001110010010100010100000011100111100001011000000000101110100100010011011100001111110001011100011011001010101000000000010001110111000
1100000011111010000100010110000101000110010100000000001101000011000101000100101100000011011100010100001110001001001010000001100101000101011001101101001010010100010100100000110101001001011001100010010000111101000001001110010101000000100100010000000111
0100011110101101110111001000000100010000011000000000010010001100000100011111101000001001011001111010001001000000010001001100011100111101011000001111010000000010101000001110110110001010010000101010011000010000111000010011110000001001001100100110100000
1100010110000010010000110100001101010000101000000010000101000011010110110111000010000001000000101011110100001011100000011011001100101010011010000100000110000000100111001010011001000001000100110011000100011111110100100000000011100000011101100101110000
0010100001101000010001001100000100000100010101000100001011010000100000001010011000100001010001001000000000000000101001000010011100110100000010100000000000000000101001001010000000100001001110001101001000110100010000000000101000001100000001011000000001
0011011100000001101010010000000010000000011000100001011000000001011000000010001100010001000000000110001000100010000100110001000010000100000000010011110000000110000100000101100100010000000011010101000000000000000110001100001110000000010010100011001001
0000001000100011010001001111111111010101010001011010000000010011100010001111110101000001010010000001000001100010111100101000011101000001000010100101101001101000111001100001010001101000010010100101110000010111010001111011100001000100011001110010000100
1101010001010001111000000010000001000000001001101111100010000000010010100101001100000000000100100111100000100000000001000011011010110001001001001010100000000000100001000101101100110100010000010100000111001000010010000010001000000000010110010100001010
0100100110000001001011001000000001000100111000110110000101010000001101000001100010000001001010100010111110100000001110001101000000100000101010010000000011000100011000101000101100001000100001010000101000000000101010100001111100000011001000001101101011
0000000100000110100101100001001000000100000000000110000000100100000001100001000100000000001000010000100000000011000000100000010011000110010010000000000000001110000001000000000110000010001000001010001000110001000100010010110001000000100010000001000000
1000010000000011010110010010110000000011010000000001010011001111000000000110000101000100000011000000000000000100011011011000000110001010001010100001010001110000100001000101100000110100000101100000000010010111000110010100011001000010000000000001000110
0000100111100100000001100001100001000001110100010001000011000010010001100100010000101000000100100101011001000001010000010111000000000011010101001000001000001100011011100000110010010000010010010001000000111001001000001000010110100010001010000000000001
1000010001100011110011100011000110001000000000010010100101010100100000001000001100010111001000000011110000011000100000110101001010100000000000101110100000000101000001011000010111001001000110010001000110101010100101000000101010011101001000010000100000
1010000000100000000001111100100010010000100001100000010000011010100000000001100110100010010000000001010010001100010000001100110010010010000010100100010110110111001000000001010101010001100000000000001000011010001111101000010010001000000000100100101000
0100000000000100110010010010001011000001001010000000010000001000010000001000100010110110101111000000010001000000100101000001010100000000110010010000011100111001010000001011000010010010010100000000000000000100011000100011000110000100100000011000000000
0000010110001010010000000100100111000101111011010010110011010100000010010000100000010000100110110000101000001001000010010001000111010111001000000010000000110100001001001100110110000110001100001000010100000110001011010010001010101000100100011110100110
0001010110100000000100100001000000000101110110101010000000010101100100001000000101000011000000010101001100000000000001100001001000001111000100100010000000001000101001000110001011010100001001001100100001000010000010110001111100100000001101010100100000
0100000010010100001000000101000100100001110000101100101011100000010001100010010000010000001000101010001100100000011010000000010101000000000010001001101000100000101110000100000000110010110110000001000010111010001001000000000100101000000011001011100001
1011110000000001011100010001101000010110010001000110010001011100111010000100000000000100110001000010100101001000111000000101100110000000001011111000100100001011110000000001100101010110010100101101010010000010101101001000101011000000000000111001010100
0000000101110101000000000000011101001001000100001010010000001100000001000000000001000000111100100111011001010100000100010010000010010100010000001010001010100100100101001000000000000000001001000010000000000011000000010000000000010000110100000001010011
1100000000000000001010000001000000001010000101010100101000001010000000101000001001000001000010110110100100000000011100000010110000110000000001000001101001110000000100000001011000000000001000100010011000001010000100000001010000001101111010000001010000
0100011000001110100101000100001001000011011101100000001111010001010000000010011000011000110111110011001110001010010101010101010000100100000110100111010000111100101111110000100001001000010001011000100100101000011010010010011101010110100100110000100011
0000000010000000000000110010111001000100101010100011010001011001001000000001111000000010000000010101110000000001100100000000111000001010010010101000000000000000001100111000001110100000010000100010100101100000010000011000010100101100100000000101000000
1100000101011000100000000100001001010101101000000100000101110101000011001100101000101010000000001000000100001000110001000010101000001000000000001001100110001000000100000101101011000001001000100011000000100001100111100000001101000110000000010000011010
0000100111101001001111001110010000101110001100000001110110000000000101101001111011100001001000111000100000001101110000011000110111011001000010100010110011111000100010101111010010000010100010001000001100010010000101111110000110010000100110111111010100
0000100011010000000010000000011100010001100001000000010011000100100010000010001000000010010110001010000001010001000010011010000001001001011000100001000010000000100000011010000000100011110011000000001000000101000010000011000001100100000001011110100010
1110111000001010000100010100000010000010100010011000011111000010001001001001001001110000001000000101010001100000010001010001101010101100001000001000101110011110000000010001000000011010000110101000100000000000010010101000001100000111010110010100110100
0001010000001110110000111010100000011100001111000101110000000100101101000011010011011000011000010000000010111100010001011010000011100101000000100001010100010000000000110000000011001001010101000101000100000011101000000111010010000000010111100100000001
0100001000001100000011000000001110010001000110101000010000000000010010001000001000001100010100000101000001111001001001000000000011000010000110100010000101110100010000000001010100000000010100000000110000000000000100001000000100101101001101010000001010
0100100000100010001001000000000010001000001110110000000100100010001100001011010000100000000010100001110000100000100100000101001000001000101110010000000010000000001000101000110000100110001001010100010011011000000000110100100001000001010000000101001010
0010000101100100110000000100100010100100001000000001010001011000100000100000000011010100100100000101011001000000011010001000100011001000000000000000010001001011010001001001000000000001010000010100101000001000000110110000000110100001000010010010000100
1000100000100000000110001000000001001100100100000000001000010010000000100101000000100010101010001100101001000001110100000000001001100000100110100000000110000000100010000001000000011100000010000000001110000001001100000000110000000001111000100100100100
1110010110000011100100101011001100010001100001010101001001001001011000101000001011101011111001000000100100000001001100001100001001001011110111010100000001101001101110111000100101101011010100100010000000110000000111110000110000111000101001101011000010
1001000101001011001000000110000001010000000000101000011100110010000001100010001001101000111001010000001000010000101000010010111010001010000010101000000011000000101000101010000000000011001011011000010011000000000111010110011100100010000010010101100000
1100101100001010010100010001000000000100001001000001001010000001111101000000000000000100000111000011010101000010010111000000000000100101000110001000010011011001101000000100000000000100011000010001010110010110010010111001000000000000001001100000100011
0001000010101011100011011000010001010100111001000100000001000100110000101110001111001010101001100101110100001011110110001110011001001000001001010001001011000011001001001001000000101001111010101010001010001110100100101000010011101011101100001000010000
1001000000001000111111010101011100101010000000001010000110101001001101011011001010000110100100101010000110000110000000001010110001100011101100011110000100000000100100000011010001010110111001001000111111110001111001010001110011000110011000011011000000
0010111011000101110110100000001110010010100101000010001100011010000001001001100000111010000110001011111100010100000110100001000011101101000001101100000000101001000000101000011010100011110010000100001101000000100001110010001110110101001101001010001010
1000000000011110001000000010000100001010011101001000000100000000100001101100100000010001000100101100000001001010001000101000010010000010010110010000100010000000100000010000100001000001000101001000011100000101000000010010010000101001000000110011110001
1000001001100000110000000010001000011011011011111001000100000100101000000100011111100100100000000101100000100000110000100011000010000111010010001101011010000000000100001110110000001010001100001000011110100100010100000011000100101111110000000010000100
0000001001100011010100010000010110000101010010011001100000111111001110100100101000000001000101000000000000101000011001111000010000010000000100000000100000011101100000110000010001000001000100100110010000011100001010000100010000100010001010111000110001
1100111000010110011100101101010001100000101001000101010011011011111100100100000100100000001010010101010100010001110110100000101000011111000010001000001000000010101001100001001000001001110001110100010000000101010100011000111000101010001100011011110100
0000000010001000000100110010001100110000001110011111100001100001001010000101111000000000100000000011000111100000010000011100111110010010001000001101000110101000001110010010010101110001010100000000011100000001010000101111011001001010100000101010000001
0101000100011010011000110010000110011000001001000101101011000001010000111000001011001000001000100100011000001011010000100111100100011100110000100100100000100000001001010001001011000111010100000011000010011010010010100010010001000000000100000111001000
1100000011001000100000011010000000000000110000011000010111000000100101010000001101000100001001010101000001000000001100101011011100000010011000110000001001000010100001001010111000000010010011000001110110000011010010110100001101000100010100000100101010
1100000011100001011001101011001000010000111000000100010000000010011001100110111000000100001000000110100101000001001101011010000010001001110010000011001000110100010000101000110110100111100000001000010001110010000100011000000001010100000111001110000001
0000010000010110001011100010000001011001010100100010000110001000001100001010101100001000111000100100001010100011000000100111101110010001100010000000000000110000001001000001110000000011100111011101000010011010001010011000010100001000000101000001100000
1010100110000001000100010000010010000010000011000000100000101110100100000000100100101001001110100010100100101110010000000000010100011000000101000100001000111000000010000100010001101001000100000010001110001100100001000010111000000000101010010000011000
0011001001001001010110000001101100000000100001110100100111000001100010001110110101000010100100000001000000001000111001001000010001110100010010000100000000011010101100010011111000101000001111000000000010100100010100000010010100010000100100111110010100
0000110000001000000010001110010100000100010001100000001001000000100000010000101010010000001000001110000000000000000000000000000110101011000110000100110011100001001000000000100000000110010000011000100010010000001011000000001010001000001000010111000000
1000001001011010000101000000011010010111111001000000101000010101001100111101100001111100101000000000110000101010001011101011000100100001011011011000010010101101100100111000000101000000011010001001010001001100100100111010111010010000001100001000000001
0000001000000000000100011110000010001001101010100000000000010000010110000001010011010000110001001000001000000000000011000100010110000010011100100101000000100001001000000110110010000000010010000000111000000110110000001010001000000000100001110000000010
1001010000101010011000010110000110001011001001000000001101010000010101000011010010001111010100011001010100010110110001001100100101100010100000100000110111001100001001100100000010110000110000000101011111111110110000110101001000010111000001000100100000
0110001010101001100011000000000000010000101000111110010001010000001100110110110000100010101101000110101001100001011000100000010100101110110001001100001001011100001000000000010010110100000100101001010100001000001010011101111110000010100100010001111010
0100100110001100001000001110100101011100111000100000010100011100100001100001000111000000110110001010000001000101100000010010011000010110001111001010010011110110100010001111000010010000010001000000101010101001001001001010110100000000110000011000000000
0011000001000001001000010100110010010011010110010010110011000101101000000100100000000000100111010011100000100000100110001011110011100101001100001100100001100100000100001000100000011000100110101011110000100000001000100001001001110100100110111011000001
0100001000100110000000010100001001000000010100011110001001000001000000000000000111000001001100100001010000001000011000010000000010000001001100111010000100100000100010000011010001000001001001010000000010000000000100100000101101101100100000000000011000
1110100011010110010010000000011110100000111111001000010011000010010100011010000100011011000001100000011011101000000011010100000001000000001010100010010111010000100100110000011110011000100110000001000100001011100010100110000100010011011101001000100000
0100010000000100000110001011001001001000001110000011010000000011000001000000001000100000100101000000011000000001010000110000110000010000010000110110001100000100110100001001101001010000010000000001001000001000011000000001100100101000000101000011010101
0010000000000010000101000011010000010100000010000001000001100000000001010011001001000000000000000010000000101001001100001000000010000000110000000000000001000011010100000000000000000000000000010000001110000100011000001000010000101001000100000000000000
0001000000000000010100010001011100100100001100001000000000010100000010000101100000010101000110000010110000001100100000010000001001101010000000000100100110010001000000000000000001100111100010000000001000000000000001001011000000000101000000110010100000
0000001000000110110000010100100000111100000100100010001000100011001100101010010000001010000100000111000101001100000001010001000110100000101000010010010110001000000010001101000010001000010101101110001110001000000110110100011011010100010000000000001001
0000000010000000100000110010000101010001000100010100000100000111010101100010011000000000000000100010001100100100011010000000010001000100000010000000011100010001010001100001010000001010001100000110000001010001000100100100100010001000010010000010000110
1000000001000010000010000000110110101001101101000000001000000000000101001001000011001011010100000010110000000000010100101010001000100110000010010001000001001000100101000001101010000000000101101000100100010000010100000010000100000001010110011100100000
1011100000101100110100010110000001000110000101000110010110010000100000001001000000101111010110110100100001000010110000000010000101100001100001111010000011001010110010000001100010001000110111001010001101010001011001100011000100100111110100000111001110
1110001100000100100000100101000001011100000000000111000101111000010001000000000000100111001000000111100000000011101000001101001010100100000010000101001101001110010100101000011000000001010000100001101000001000010101011001000010101001000000001001111000
0100010010100000000010000000001001000111101100011000000001111100000100100101000111000100000100100001001100000000000110011001101010101011000010110010000000000000111000001100110001011010000100110000100001000000101101101100100000100100000100010101100000
0001110101001101101000010110100000011100110100100110110000111011010001101000101110010000101000001101100000111000100010111001110111101000000000001000101110101101010001000111010011010000010011001100011011101001101111010000100000101101000010100001001100
1001000101001011110100010010001010001100011011000001010010010001001001111000000010000001011010011110001000100001100010111110100001100110001100100000110000010011000011010101111111001010001100100000101000010101100011010010011111000000110000110010000100
0011010000000010011000000000111000000010001011100010000100000100101010000111010000000000100100000010110100001000010010000011001010100000000100100001010000000000010100010101000100100011000000100001011100100000110010011000011100100000010000000101000000
0001010110011001000000010010000110010100100010110001010101001001011111110010000000010100000011000000011000010110001000010001001010010010101000000010111101000000101001011010000100010010000100101010100100100010000110011001100000100010010100011100001100
0000101111001000000110000111000000000001101000000101010000001001000000100000001011000001110110000101110110100011010100000100011001010011001000010000000010100000100001010010110100000001110000101010000000011010000011100000100111001000011001010000000000
1100010001000001010100101010000100010100100000100100000011000000001001100001101110011000001000100111000001000000010000001101001001001110111001101011001011100011000100101011110000001000010010000001100000010100001100110000100100000000011001100110110010
0101011001100110110001001100011000000100100100000101010001001001001101110010001000100100010101101000110101000100000011000000110000001101101000110100000000100000000001000101110011000010101000110001011000010001000111000011000110000101011010010010010001
1000100100101000111011010000011100100010110011100001111101100000001011001000000101100100100000000111010110000000100010111011011000100010000100100110001010000000100101101001000000100100101110101000111000110000000000000001011011010010001010101010000101
0110100100111000000001101100001011101101010001000101001011010100011101001000010000100000110001100011010001011100110010010010110000010000000110101001100011011100100010001110001011011011001000000000100110111011000010001000000010001110001110100000000101
1000010011000011000010100001000000000001101101010000010000001010101100000100000001011010001100010001101000001000000000010001101010010110100000000000100000001101101100000011010001010000001001110000000100000100000011100000011001001101000011101001000000
1000101100100101001010001000100000011010010000000010011010001000101000001000000100001001110110010001001000100011100001000011011010001000010010001001011100010100000000100100010011000000000001100100111000001000100101110000001111000100101000100000001110
0000000010001001111100010100011101110000111101010101000100010000100110001101011000001000011111001001110100011001010001010000011000001011011110001100001010010000100110101001100100110011000010101011000111001001101000100000100111010101010000010101100001
1101010010000000110010010101001110000111100000010000001000001010010011000110010000100011010001010101011010001000000010010010000101001001111011100001101110101000001100001001001000110100001000000101010110100011001000010000110110000010011111011100000000
0010010100101011010110110100010000000100001001001110010010010101000010001001001010101011100011000100100101001010000000000111010011000101000001001011000010010011000100000001000011100000011000111010100011000010000101100110110101000011000011001010110000
1001001000010011110011000000000100001100000010001000000100010011100000001110010000101110000000100100000000000010000101101100000010001001000110001001011001011001100001000000000110000000000001010101011010000001011110011100100100000000000000000100000101
1001110100000001100000000000001010010110100000001000001111000010010000000000000010101010001001011011010100000001010100000010110011000000010000101000100011000110001111001000000100011000011000000100000011000000000110100010001000001010100110001000100100
0000001110100001000100100100000001010000000100000100000100001001110100010001000001010000110001100000010010000000001100000000101000100100001111000001100001000000101001010000010100001010011000000001000100000010010110010000110000000000001010001100000110
1000011001111010001101000000100001000100111110010001101011100011000100000011101010100000010100110100000111100000101100101000110001101100001000001111100101101000101001100001001011000111000001110110010000101011000111000011100000100001011100100100110011
1000010111000010010101011000100000100000010100101001110010010010010111100010010000010111011000001100101001000001010001000000000001000010010001110101011011100001101000000001010100000010011010010010011100010001010110000001000011100001001100010101011000
0100000101100100101100000000000101000000011000001010101100110001100000000010100000100000000000000110010000010010100001100100100010010000100110101000001000001000000001010000001101100100001100000100001000100000010000000000000100100100001000000100011001
0111000000010111010100001001111100010000000101000100100100100100100010000010100000010011110010000001101100001000110000001000010011000010000010100011000110010001100100000100000000010010001100111000011010100110111000010000001011000100000001000011000010
0111000010100000000100001000100001000011110001110000000011001110010011100001000001100100000011010000000110000000011000010010000001011100000111010001101110001000100000111001000001000000001000011010010100001100100001000000100000000001001011101001101011
0000100100101000010000111000001010010000101001100000101000101000000011001001001000000010101101100000011001110000000001010001001000000010001100000001110000001000000001001001100100010011000111010101010001011000010000000000000101100110000000010110001000
0100110100001000010000001111100000000000100101000010000100000000100001101010110100000000000011001001000101000100101100000001000101000001000010001001000100110000100000000100110000010010011010000000100100001010101011011000000000101000000001100110100010
1010010001000000110001000000100101001001101000010100100001110000010001100101000100000010100101001001001001000000010010100001111010000100000000011001100000000001101001110101000101010100110000100001100001101000010011100010000010110010011100000100000101
1101011010100001000100110100001111100010110101001110000001011000000001100011111011011011101010100101111100110000001100011001111110000010011011101010111000011100111100110101010101001110110100111010010010010101100100111000111010011111000001010010001111
0000110010011000110100011100010110010111000011000000110101011101000100000011100001000000010001100101000001111101001101001000010001100000100100000010100000110010000100011011000001000010000111010110010110010100010000100101101101100101100100000101000000
0000010010000100000010011001001101100001000101100001010000000011000110011110010101000100010000000011001000100101000001010000111001000001011010000000001000000001001100111000010010100001001000000001110110001100011000010000000010100000111001110110000000
0100001001001000001110100001000110000110011000100000000101000011000001100000010010010011000001010110010000100010000100100100110001101000010100100011000000100100001100000001111010101000010001000000001111001000001000000000010100010000110001000011000010
0010000100100000110100000000001000010100100101000100101000001000111000100011000000100000010100100001010000001000010110100001001000000001100000111000110010101000000010001101000010100000010000100111000000010110000010010110001100001000000000100000101000
0000000000001000110100100000000101011100010001010101010010001000101000000011110000001001001111100000100000001000010000101000001111100010101000100000010011000001001001110000100010000011000000001010101111101100000001000010010010000011101000111000100000
0000000100001010001001110000000010110011101111111110000101010011010010101010011100010100110001000101011101001010110000000010000000100100111000001001011111001000000111000001100011011001001110000001100100010010011101000110010111000100111101010000010101
0000000111101000010001111001010000000011001110101000011100000100101111100001000000000000100010000110101100001010001010001000010010101011010100010101001110000000001000000101100001100000110011001000100000100011010011100101010010101000000100000000100000
1001001000101001000000010010000010010011000000000001000000000000000000011010110100000010010011010000001000000001100001000110000000000000001000101000101001110010000100000000000110100000000100000100000010001010001000000000111000000000000100011000100000
1100000000010100110010000111001101010001000000010101010001100010100101001100000000000001111010000110110110010000010000010000011001101000010000100110010010101001101000000000011101000010110100000001010100100001010010100000110100011101101010101010010010
0101010100101010000100000100010110111011101000000111000110000001001001001111010100000000001011100001000010000000100111011000101110010010001011000011111000010110110111110001011101001100001010000011111001011000100001010110101001110001000100011101000000
0111110000101011000000000000100101000101001001101000010010000001010110101010001000010001000111010110011001100000000000000101001010110000100101110000010010100001000001000101000000100010110101011000110101100010011110100011000001000100001000100110011000
0001101000001010110000000001000000001000110000010100000001000010110000001000000001001110010011010001010011001001011000000001000001000001100001001000001001010000100001000000110010001100010010001001001010000010001000011000110010000000001000001100000100
1001011100100100000011001100100001010010110001000001001101001011100011001001001100101100011000000000001100000100111010001101100011100001000010010000001001011001000000001001110011000010010000100001001010111011101101000000100010101010000000111000000000
1000010010011000100000111000010000000000010110101000100101101110000100001000100000000010110100000100000001000000000001110000010101010000100001001011010000000100111000010001000001100000011001101000011100010000000010010000010001100100000101011101100010
0100001000000110010001110010000010000000110000010000000101000001000000100001010000011000000101010001000000000000101001011001001000001010001000000000100100010100100100010010000000010000011100010000010000010010000000100000001010000100110000100001110000
1100111101010001101100010110000000000001001000110000000001011001000001010111101001010101101000000101110000100100011100010110011100000110010011001001101100000000101100010010000010010100010001000110011010011000000011111000110100000010101000010011101010
0100010001100110110100101010010000000100110010001000000011000000011001000010110000100011111010000110000100100010001010010101000001000101000001011000110011010000101000100010010011000010001011100000101010000000111101001011100000000010010001010100101000
0000110100001010011101100010001101010101001001000011000011110010100001101000000011101110100000101100000111101000011000000000001010101011010010101111000010111001000000101010000000010111011010000111001110001000000111110001100001000000011000010011001011
1001000001011010000100010100010100011111100010000000100010000101001100101001010100100000000110101110000001101000100110000101101000001010010110000011000010010110001000010010110010000001000010100100010100100001100010001000100000110101000010110000110110
0010100001000000001100000001011001000100001011000000010000100010010001100000100001100100000010100010011100000100000100010001000100000001000100000110000000100001000101000000000101000000000110000101101001000000000010111001000001100100100000000100000000
1000101111000010100000101000001110010101000000011100001001100010100100001010001000011011011101100101010001001000110011001100000110001100010100101000110101001001101000110111000010111000000010010100001101010101111010010000001001101110000000001001011100
0010010101111010000101001110000011001100110010010000110100010011100011101110000000110000001000000101100101000000011001010000111111010000000010101100010010110001100101000011010001011000000001110010000011010101010001100010010110100000000100010100001100
0101011010100100100000000000000010010100100100010010010000100100000110000000100000011111011000100000000100001001000001001010000100100101111000001000000010001100010000000101000010100100110100000000010000001000000000100011000101001000110111000001001011
0000010010000011000010000011101001100000111100000010010001010100101100000000001000000000010100111101111100000100000100100000000001100101000000001000000001111001101000000000010000000010011000000110000000010000100011010010011101100000001000100010100000
0000000000000001111010110110000100010001011010100101011000001000000100000001011100101100100010000100000001100010000101100101001000110000011000100010011000000001001000000001011101010000000001100001001010001010010000101010101000101000000111100000000011
0110001111000101100100010000000000001000100000011010010110010100001000100000110000111001000101000011100000111000010010010011110110010110000100001110000111100100100100001000101000110001010101001010000001000001011000000001001110000001001010011111100001
1000000011101101010110001000111100000010101001000001001010011110001101011000000111000011010000011001100010010101110001101000000001010010001010100000100101010001000000001001110001011010001101111000111010100101010100001011010111001100001000010110000001
0011000100011001010011000010000110011000011110110110100101010001100111000101100010000010000100110101100101000000110100110100000010010001001010100111000001000010110100000010100010101100010101100010110110000110010101000000001011010010011000010110011111
1100100100001000101000000010001010100100011101000110001110000001000000100000110010011101001000100001110100000011010000001000100000101000110000110101000011100011110000100001101000010010110110000000001000011001100100100011000010000101010100000111001000
0100000010000100110010010000000001000000110010000000000000000000000010110000000100110100101110000100001001000000000010001000011000010010110010100100001000000000010101000000000000001101011100000100000000001000110000100011000100100100000000001010000001
0100001000000110010100100011111001010001100011100001001000010011100000101111011101001000010001101000110110000000100101001000001101000000001111100100100100100001000101001101111001010001001110000010100000101010101110000010100000000001011000011101000010
1010000011001000001001001110001110010000101100101110011111010101100001100100101001101001010000010000101100100010000101011011111000100010000001100100000001010110101100001001100001100100010101001100101100000101100000110110011011101001001001000100001011
1000000100000011100011000000010000100100100101001001010000011000000011000000000100101001000001110010100011000000000010111000000110001000000010011010010110100100100011001000010100011010000010001000000010000010001110001010001000000110100010000000010110
1100010001000001000110010001001001100000010000000000100101000001100000000001001000010100000000100010011010000001000101001000000000001100000010000010100100001000000010001000101000100010000110011000000000100101010000100000101000100100000001101001000000
0011010001001001010100010101101000001100100010000000010101111000001000010101101010000010001001011000111001010001111000000010110000000101100110011000000000000100101000001100011000000001010010100100000110100001100100001000010010001100001100001000111100
1000000111100101000001000001010000000010100110001010000000100010001000000100001011100001111110101010000000010101000000000110110011100101000111000000000110010010100101001100101000000010000000010001001000110001111010111000000000110000000100000101100000
0010000000001000001101101000001100011100000100000000000010000000000011010100011010110000000000100101001110000011001001101001011000000110000001000100001010000000100001001000010100000001001001011001000000000100010000011100001000101110001010000010000000
1001000001000011000100000110110100100000111111000001101000100110011010100100100010100000100100100010100110101011001010000110100000100010011010010101100100010010101111011101000001000011000010110001001100000100010001001001110110001100001010010011001100
0000010100001110010000000101001000100100010001010010000000010000010100010100010010001000000110001011100000100000010001010011010010101001100100110000100010001000100001000000100100101001010011001001000100010000000010000010100101100100011110100010100000
0000000001010000001000000010000000011010000100100000010010000001010001001000000010000000000000000100010001001001100000000010000001001001000000000000000000000000100000001011010000000010000000000000010110000000000011011000010000000000010000001000000000
0101000011001010000010011000010000010101010000000110100000010000010110000000001011000100000110011000100100101000110000001001010000011000000011011100000000000001000000010001110110000001100000101000110101000110000110000010000000101000100000011100110000
1100011000101111110110000100100100000110100001110101010111000001000100001110010000000010101000100101111100011000000011111000011110010110001100100001000011100110101001100000010100101010000000010100110100001001101010110100001110001000010000001011100110
0000110000000110001011000110001110000100100010100000110100010001000111000001110100100010100000101000110100100111000000001001000010011010000000000010100000001001011100101100110000011000000000100000110000001111010010010010010000000000100010011110011000
0100101010101101010000110100100001011010001001000100100100100101010000001011010001100100011101000101110101100100110000110110100100001001000010000000011100101110000001001110000010000010101100010000000101010000101100100010101110000010000101000100111000
0100100011110011010000111110010001001000001100010100101011111010010010011000101011000001001001000001100100000000010000010101001011110111000110100100111001000011101000100000001001011011000100101011110110001000000100011001010001000010001110101001110001
0110100000000000010000000101010000101000010101101000001100000000101000010000100000000100100101000001000101000000001001010000000011001000000010111011000011110100000000001100010000000010001000000011010000010000000100001000010000001011010110000000000101
1101000110110011010011000000001010001001000101001111110010001001011101000100000000001011111100100110101001001001001000101010001001001100010110100111011110111100110010101001011011001010001001000000000000111010010100011000100101000000110111101110000011
1011100100011100011110010000000100000000100110000000001100001011111100001011100010000000011000001011011000111110100010000010000100001111000010001010000110111000000101100001100111000000101011100010000001101100000000100001110000000001000000101101001001
0010000110110001000100000000000000000111000000000010000000001100010010001100100000100010001000001000100100000011000000000000001110100000000001001000100000000101100001000001000000000010011000000010011001000100100001100000000000110000010000000011101001
0010010101000100111100011011010001100001100000010010000001000100000101101011001111101000011111010100001101101000010010001001001111001100011000000001000000110000111001000001010111001100001001011000010101010000111000100100000101001000101111001101010010
0000100110010100110000100111101110000011101010000100010001100010110000101011101001100010000010001000010000000001011111101000001100101001100011000111001110100000001000001100000101100100000000101111000000101110010000001111000111011101001000010010000000
1000101110101010000010001110000000010001010000100000000011010101010101010010011010001000010100000101010001000101101011000000101010000101000010100101000010000001000110011011101000000000001000001100111110000001010110000000010000001000101001000111100011
0100000001000010010001110100000100100101101000111000000001000000000100100011110001000100000001000111010100000000000100001010000001101101100100001100000010001000100101100000000010101010000001010010101001010100010001010010010100000000001101010101100001
0000010000001000000100000101001001000110001000001011000000100000000000000010010010100010100000010000000100100001000000000001010001100000011010100100011000001000000000000000110001010010010000101001010000001000001000010100100011000001010001000000000010
0101100000011000110010100000000010000100010000000000000000010011000010111000000001001010110001000000000001000000101010100011000010101010001000100000000000000000100000000100111100000110000111010000010100000010000110001001010000000001010001011000110000
0100000111101010110010011001001000001100000000000110000101011011000110000000101101010010010000001100101100000000101100110001100000100000100011000110101010011111000100000001000010100011100010001010000010110011010100000010110001000000010010111010001000
0110000100100000000010010110001010010010001010000100000010110100111000011100010000000001011000010010000010111100000000000111010010010100000000010000100000100000000000100101100101010000011010000000111110000110000011000001101010100100010100010000100001
1100000100000010100100001000111101000000110000000000011100000010111000101100000100001001100100000100000101000000100100010001001110000001000010010001010010001000000001000100110010110001011000001100000010010001000000110000000110100010001000001100100100
1110001001000010000000010100010001001100000000110000011000000101110101000011001010010010001100100000100101100000110000100000000010010010010100000111000010000111101001100100000011000001001111000010000010010101000111000000010100100111100100000110000000
0100100000100001010000000010100000100000001001001000001101000010000001000000000000010110000100110000001001000010100100010001000001000010000001000000101000001000100000000001010000000000000100010101100100000010000000010000110000000000000000000011101011
0010000000000000010000110000001110110100101101001001100110011000001000000001011000000000110100101010000100000100101110000011011000110000010011110000010010000111011010001000000001000101010100000001101100100000011100011100101000011000100000000010010010
0000000011010110101001000000010001101000001000100010100000010101101100100010001100100100000011000010010101100001000000000100010001011000011100000001011011100000010100010001010010000010000000011000000000010000001010010101010001101100101010000100000000
0001110100100000000100010101000000110000001101110101000101100001100000100010001110111000001100001101000100000001011011110000001101000001001111010001000101100110100100001100010000101001010001101100001000001010010010000000001100111000111000000100000100
0000110100000001011101100010000100010010010100010000001010011000010000000010011010000100010101100000110000101101010001010100100100000000010111000110001100100000001010000010010000000111000110000011011100011000100011010010100110000000110100010001110010
1111100010100101110000101010001110010000100000000001010100000110000011011010010000101010100000100010101001100000010001000001000010001110000100100100110110010001101000000010111100100000010010011000010101101000011010110000010001001110001000010010100100
1101000010011000100000101100000001101000110001100000000101000011111001001010000000000011100101000101000010101000100000010111000001110010100000001000010010101110000001101000000000010010000010001101101010000000100010001010100000101000011110100100000101
1101001000001001100001100000010110010111011001100011100110000100010000000110101100100101010101100010011010100001010101010001111010100000000010011000010101010100101101001010110000000001001101111100010011011000010001110000110111000110001010001101101100
1010001001000010010110001110000010000000111001011010011001100000001000000001100101001011000010010100010000000010001001011001001000001101000000101001010001001000101000101011001100000010011000101001000010000110010111101000111000100000000100010100010000
0100010001000000010010000000001001011011101110101100111110111001001011100100010110111000100000010010011111101000000010000100111000101010101011100000101111000100101100000001100001011000010110010101000101011101100000101111011000000101011100011000010101
0101010101101001010100001010000000001101010000000010000110010000000001000000100000100000110100000111001100001000001000011000100001001101011000001010101100000110110000001000000111000000111100000000000110001000001010000000110100001101000111001000010000
0000000011000101011000000010001000010100001101010000000100010000010001100101110000001001001000000000001000000100000000111100011000100000111110010000000000100100001000000000000001001001100101010001100000000100000011000010000000000010010110101010000001
0110001001000000000111110010001011000001011100000000100010010000100010111100111000011011010010100110010100001010011101011110010001000010010000010001000110100001101001001001110010110000000100001000000101111001000100000000001100011000110111001010000011
1100011001001010001100011000000110000100011001011000110110011010101101001001010000111101010100000000101000110101010100010011011000000001000110100001011100011000111000110011000110111011000100010100001000011011100010001011001110001001100110110101000111
0000010101101000010101011101001000000100000100001100010001000000110010100011011000110100100010100111011110000010010100000001100110000110000010000110001101111000111011000001100110000001001000001000100001100101100011011100001011000000100000011101000010
0000001010001001100100100000100100111010100111000000011001010000001001011100101110000000101011100100100000001010000000100000101011001010010010001010011011100101100001000000011101000001010001100000000110000000011110100000001100101110000000111110100110
1001001100001101000000000000111000000000000111100110100001000011000100100000100001000101100101001011111000000010000010011010011000101010001000100001000100100000101001000000100010110011100000000010001101011100000110000010000100100100101001000100000100
1000010000000110100110001100100001010000101101000100001100001001000101010001000001001001100011001100001011010000011001100001001110000010001010000010001101011010100000001001000001110001010000001000100110001001000111000010100110100101000010010010000010
0110000000010000100111010011011100010101100000000100100010010110010001100000100010011010001011110000011100001010010011001111000011000010000001100000101000000000000100100011000011000010010101111000011000100000000100110001001010001000000100110011010001
0000110010001000000010000101000000110100101100100100000001000000000001010110101100001101011011100100001100000001111000101000010000111000101101000010001101001001011100010000110000010100000100000010100100010011010110100010000001000011000100000110010001
1110100001001001011101100100000101000010100000001000011010010010000110101010000000000001011010100111111101010011000100010010000011010000001000000000001001111010100001101110011000000000000101001001000000001110010110011110000000000100011000010000011000
1000100001010000100011100000000111010000100000100000001111010001001011101000000000000000001101000011110011000010010010000000001010100000001010100110010000001000001010010100011110010000100010000111001101000001010100000010111011100010010000001000000000
1000000101001101010000001101011100001000000101000000010000100000001010101100010001111100001100000001000000000001000010110010100110011101000010100010010010000000000001001000010000010001111000001000101000011001100010001000100110010000000110000011110000
0001100010111111111010001100001011010010100000011001101000101111001100000001110010111001001010000101100001001100100001001100011111010010001100010111110110100101001011100111110000001001011101100001101000001000101110100011010100011101010011000100000111
0000000000001110100001000100110100000100110100010000101000010000110100101001000001000001100100010010010000000000000000110010110000000110000010011101010001110100110100000000100111011000000100000001000100000000011000011010000010000100011110100000110100
0000010000001010001110100000001001010000100011000100110001011000100000000010011000010010101011000010101100000000010001001100001010100011000110101000000000010001101010110100000100000010000100110101001010001001001100010000001110100000100100010000101000
0100100011000110011001000111011011010011000011000100101001101101001100100011000111010001000101001101000100111001010011011000100100011101001110100011100000010010101001110001011000110010000011101001011100100110001001110110110001100001111100011011100010
0001000011101001001010000101000000001000010010101010111001000101100001001000001101000000000100111001110001001000100000010010000000110001011100000100010000001000000100000000010001011101000000000100011010000001100000111001100011000001100000010100010010
0000011010110010001000000011010000000111001110000100110001000110000010100001001000100010011000101011000110010010100100100010010011001001010010101001100010111101101100011000000000001001100010100000010010010111010001001000100100011000000111010000000010
1000000011001110000001110010000000010001011101010001000000000001011111000001100011000100000101000100110100001100111000010010010101010000100010000000000100101000000000100101100010000000011001110000111100010000000000001000010110010010001000101011011000
1000001011000100100000101010110101000100010100001001000001010001000000001100110000001111100010111101110000000101001010011100011110000011011001001000001010010110110100101011000100111010000100000101000010001010111010110000011000000100000000110010001000
1100010001000110110100011000110010100100010110100000000011001011110001010100000101100101010001111011010110101100010000100101110010011011000100111001000011100010000001100000111010011000011101101110100011011000000100111010111000100110000110111000001000
1000000000001001000010100000011010000000001011010101000110001000001001000000011000010000011100010001101001001100001001000010110100000100010000100000110000010001000100001011000000011110011100100000110011100101010000000011010100001000000001101011000000
1001000110001000010100001010100100001000000101010101110001011001001000111111100001000000010010100010000000011000001110001110100101000000100010001001100000010100101010100111010100010010010001000010010110011100101001000001001000100000010101101001001010
1001011110010011000010010010111010000101000001100111101001001001001001101100010100001001101000000101110001000000110111001100011111100110000010101000000011100000100111010001011001001110011010100001100000101000011001111000100011000100001000100101101101
0110001110000000100001010000100100001110000111000011010000010000000000100100000010000111000111000001110000000000100000001100010011000011111100101100100111000001101101110010010010000000110000100000100000000010010001100010010110000111001000000010001100
1001000100111000111101010000100000000100111001000011000010111001001010000000000010110000001001110001001100110001100101000001100001000100001000101000001000010001100000001001100101000000111111001000000111100010000000100010100001100110000000110001100001
0011111100000001010110010000000001101000110000010000011100000001100101100001001000000010100000100001001000000101100101111010010000001101000011010001000011010100001001000001110011001000001010000011010110000100000101110001010100000001001101010000011101
0001101100010000001000000100101000000000001000001110011100000100000010000000000000000101000000111001100000000010001000000000010000011000000010111000000000110000000001000101001000000110011001000000001000100000100100000000101001001110000000000100100100