011111011101110101101111111101111101110110111101001011001101000111111110110111000110111111111111001110011010010111000101011110110101110111110111101010
110011111010111110011100010101000111011110010001001111010111111101000110000101101101101110110011100010111110111010001111011011001001100001111001101110
101011100111111101001101101011110111010000110101111111011110101111001111001010011011010011111101110110011101001111111000011111011101001111110100010101
111111111110101100001101011011111111101011110101110001111111111110101111111100111111111011101011101111111111100111111011111011110101111010011001010111
110011110111111110110111110101110010111111111111011110010111010010000111111111101111111101101110111001111111001010010100111111111010010111111011101011
111100001110110110100110001110011111101011110101010111110111110011011111010111110011101011111011111101101110010011011110100100011011011001111111110101
001111111111101010010111001100101011111110111011011111111111111101111100111111010000000111101110101111011010111011110111111010110101011011111011001111
110011111001110110110111110100000111100011111101110011111110111111011100111111110111000101101001111111111100111110100110111110011011111111111111110001
111011101100010001000111000101010011110100100001010100110111011001101011100111001110110010000001011101110110111110111101111110011001111000101000101111
001011011101110011011011101001111000010100111001111011000101000011101010111100110110111001000011001110110100110111010011110011111110010101111100010111
010111111011111000010101110111100110111111011101111011110101101101110110011011110111101101111111101011001001101010111110001001011111100111100110110110
010011100001110111111101100011011111111011011101110001111111100110010011101011100110111111101111111101001101100101110110101101111011101111111111100010
111010111101001110111011110010110111011111011111100011101111010111110001101111010101011001101101011110111111001111101001110101001101000111110111100001
011110011111110111110011101111111111101101101111011101011001100111110001111101101111101111010011100111111111010011111101011111110010111000111011111011
101110111001111111110011110111111100100011111101111111011110100011111111011111110111010110100000101110111111101111110011011011111111011111111011000011
001101001111100110111111011110000010011011111111110101111111101010000111110111111111111100111111111110110101100101110101111110101111010101111011000110
011111100001111100111100101111011111011011010101111101011001101100111010000010011101011110000111111011111111100011111111011111101111011101100111001110
111111111011011111101011011010110111011101011110111011111011111001001011101011101111011111110110100101111010110101111111011101111111111111111111011010
111011010011101111110111111110000010111111100110111101011111101101001110110111101110111010111010011100011101111011111111110101010111011111110111011110
110101001110100101001101010110000010111101101110111110000101100100011110110110111010010110000111010111001011111010100010111110101010100100001011011100
111110111111101110000010111110110100001101101101011111001001101101111011111011111110110001111010000100110111111010110011100110011011100011111011111110
111011011011010010110011101010111101111000111000111101110110111000110001111111100111110111111001110110101000101011100110110011100101101000011110010100
111010011011010010010001111100101100010001010101011111111100011011000011010110111101110110100000011111001100111110100110111001101101010000101101000110
110011011110011111111111110010111110111100101101111011010110111011100101011010111111110101111010110011110111101111110011011111101101110111111111111100
110111011010111110000111101110111001010011110010011001111101001110101011000111010001111001110111100110101001110110101110101101111011011100100011011110
110110011111110101100001001011110011111111111111100110111111111110011111101011111001110100111100011011011110011111001111111111100011001010111111011001
111111101111100111111101001100100110111111111101101101010011111111001100011110011110011111011110111100111011000011011110011101001011111111110111110111
101101111011010111101101111111111001011111000110111011111111111111111111001111010010111111111111111111110111110011100010101101111111111001101100101111
011111111111001111111100000101010010111011010001000100011001111111010001110111101010110111101001111110111101110101110010111110010100101111001001110100
101011110111010111011111111000111001011111111011101001001101111111111011111111001111011000010011101111110011101000111111110101110111111001011111110001
110110011110101011001111001100111111110011001011100111011110000110100111010011001110011011001101001001010110110011111011111100111001001001111101011110
110100111011111101011011111011111111110011101101110111000111111111111001111111101001001110111111101110111110111111111111110111001110110111111011100101
001001010111110101110010100110010100110011110001110011110100001111001100110101111010101011101000110110111111001011100100101111010010110100111110100001
111011101111111111100111101100011110110101111001011111110011111101010101001111101100110011111011011110110010011110111010110111011111011011011010011110
111100111101100110111101011110011010001011111101101110110011110100011111011101010110110010101000101111110000100111011110001111111011011110101111111110
100011110101110001111111100101101011101011100110010011011011011100111011011011010101000101100100111011011100101110111011111111111010110011011011010111
011011011011000111110111110101010110011011111010000001111101010100100011010111101100111111111011110010101111111010111111111110101011011001011101111110
000111110011011010010101110111101101001100101000111001010111110101101010100000111101111101111100011110110110100101110110010001001110001111011111101100
101011101001111110100001111101000111111011010111010100011101100101011010001110001111010111001101011111100011100011110111011101011011000000100101001110
110010100111110110000111000111000110111010111111110000110100101110111000110100111010000001100111110101010111111011111010001011111001001110100101111110
111011011011011101001110000000110010111100101010110001000111110001100001101011010111011100001101001111011000111011000110111001001111100010110000000111
110001011011011111010111101111110010111001100101110101011110110111010111011010111101110011011111011111111001111010000011111111011110111001111011101101
011111111101111110010101000011011110000110010010111111111010000011111111110110100101111111110101101110001110011010011100001111010101100100110110001110
010011011101110000111001010111101101011111011011011111011010101011110011110101111011111001111100011100111000110101111101010010111001111110011111110000
010011101101101100100110101010101100100110110110010100110001000011100111100101110100011000100111001011011111110100000011110000111001011101110100000001
111111111111001010110111001111011101110110101011101110111110100111111110101001100011111100111110101111110011001101010110111111111101110010110101011010
001011101101111111011111101110100111011100011011111110111111111110111111101011110111111001110011111101111111100111110001101010011101111111100111101111
111101011010100110011101101110101011011011000101110100111011111101111101111010000001001101001110000111111101111011101011111001111011101101111001101110
010011111011110011111111111110111100101111111010011100111101101111111101111110011110100111001101100010111111111011011100101011111100110101101001101011
110001011110010011011010100111010001011100010101010111011100100011110000100111110111010101101110110000111111001100100000000010000001111001111011111111
111001101010100101111001110111110110011111111101101111111000011101011111000111111000011110001110111110111111111111111100101111010011010110111111110010
010011011011111000010010111001100111100110100101111000100110111110100110001101011111011010011000110110011001101011011011100011011111001011010001111101
111111111101000111111110111110110110011110111100101010111111111111111111101110101110110011111011011011010111111111010111111111101111110011111011110110
110111111100001111101111110101111111110110110111111111110101110101010111110011111111111110110101111100111111111111111010011111111100111011111111111110
101010111011001100100110001101101110110110111101011001101111110010101001100110100111111110111011010111101001011110001001001111111010111010011110001110
001111101011101101001111111110011010111101011011100111011111101010000111101111110010011011011010101111111000111100110100101010001111011110111001111110
101111101001001110111011101111110110111111010101111001010100111111111110101110101010110011101100110100011100001111111111101011111101001111111110101010
111110111011110111101011111110011001111011111111111111001011101110010011011111111111110100111001111110111111111011110101111111111111101100111011110001
101101101101111110110111110111111011011111110111011111010111111111111110101111111010111101011111111111110111001111101111111111001111111111110111110111
011011111111111001111011111101011101001011011111011111111111011100111111111111111011101111101110110000111011101011111111110100101111111111111011111110
100011111011011011111011111100101011110011111111001101011111110101111011100101111111111111100011101111111001111010111111111100110110110110111011001111
010111110111111001100101101110111001011110111011111010110010111011111111000010011000101101111101011110010010111001100111001101001111110011111111010100
110111111010101001111010111111001111011111110001001011101110111110111101010111011101011001111111110110011011011001110111111001110011111111101111110100
111011010101100010111111011100111111101111011111110101011011000101000111111010111111111111011011101111110111110111011111101011010011111111111101011011
111011111110100101110010010111110110100101110111111001001111000101110111111111101111110101011000110111111011100111111110101101011111001111110000111110
111101101011111111101011001111111011100010110111101110111101101011101001010100111110111010101111101011110100101100111100101101010110000100010101111111
111011011101011111100011101111111011110001011111111110111111011111111011110110111111011001101001001110110010101111110010110111101111110011111111111001
011111111101101111010101011111111111011111010111110000111011101000101111111111111101100100111010111110111111111111100111011111101011111111111100111110
111111101111101110101111001001110110111111110010110011011101101110111101101111110111010111110111011110011101101110011110111011110100111011100010111111
111111011111111111110010010110110110011011110101110110011110101111111110000111111111000111101111101101111010110110110110111110111111110111101011111101
110011011110110111111011111111110001111111101101111111111101001111011111110011101110111111111110111111111111011101110110001001111111101000111111001100
000111010111111101111111110100010010111010111111011000111111101101111111111110111101111101111110111111110101101110011111111111010011011111111110011010
001000011111101101101110110010111010101000111000110111011001100000110100101101111001101011100110111110001010101101011111101010001001011111001111011010
110111011110111010001111000001110110101001010000101011010011111101010000010010110111111100111100111100111100011100110111101110000110001011001110000001
101001110011011111111111111010111111101110111101010011111100111111111111111111101011001001111101110011111110100011111011111110101011110110111000100010
011111111011010100010111001000011000111010111100110110001101001101101001100100010111001110010110010101110101001001111011001101110001111101110111100010
101011110001111110011101110111111111110001111111010001110011111101111101111110001010010111011011101001111011111111010100010001010011111100110111111111
011010111111111110100111110000011111001111111101111101111100011111110111101100011011110100010100011111111110101111111011110111111101101010111110011110
101101110000011011110011110000001001000111111111001011011011100010111101110111100111101110101001110110111101111011001101010000001011001101101111101110
110111110000111110001111001111110010011011111101111111010101110001111111010110011111111011111111110111101101100011101111111011011010111101111011010111
001111101011111100100111101100111111011110011111111101011100001101111111101110101111100011101001110010101101111111111111110111110101001111111011100101
111111111000000010000111011011111100110110001000001101011110011010100111001011001110101111001010111110100111011110100111010111101111010000111011110111
101010111011100110011110111101000001111111111101111101100111111101110010111010111111110011101110101011011110110111111011111010001110111111100101101111
001010011101011010010001110111010011111100000110000111010111001101011011010101100111011011000000011010111111110011100001111101110001011111100001001110
111100111001110100111010001111101111011001101111110100101010110110010101100111000101110110011111111010011110100110111111111101101010111100110101001101
001101011111010101110000110111100100111011111100111111111101100110100111101100110010011011111101111110001010011011010111111010111010111111111001101100
110010001110011101111100111111110110010101111110011001110001001110111101011011111010011001010110110100111111011011110100111111011111001000101111001110
110110111001110101001111100100011011101010001101111111011101101011100111111101110010011100101010111110010110111110110100110110101001110011101000111111
110011111101111010100111100010111101111111111000010111001001001101100110110011100011111101011011000100111011110011100111111100111111000110110001101010
011100101111111111101101101110011111111100100010111111111111101111111111100111111111011111111111111111011110110110111111111111110111110101001111011011
110110011010011111101011001111011111101111011110111010111011110101011111101111101110101011101110000111101110111011110101110111111010010111111011010110
101111011101111101000100111011001011011101001101111001011111110000111101110010111110111110011011101111111101011111110011111110101001111100010111111111
101011011101110111110001101110100011011111110101111001111010111100001100011010101001111001101111111011001011101011111111010001111110101101111110100011
110101111111110111011010111110111100101111101011001111111011110111000011110110011110111111111110111110111111111100011011111111100111011011111101000010
111100111010100011011101111110110011110011011110101110110011100100100011101111111011110110101010101100011111110111111110110001111101110111101110111010
110111111011011110011101111100111011110111100111110011010111101011111101111111110100111111111110111001011111100101011011111111011111110101110010111110
001111101110100010110111001100101001100011011000011110000000110001010110001010011101110001000110000100101111101011010100010001111100110000110011100101
011011111100010110110110101101101101111110011100111111111101110001011011101010010111111111111111011011111101100011011110111110110011110111111111101001
101011111001111010111111111110110101011111101111110111011001101001111100111111111011011100110110101100101100010011111111011011111100011110100011110110
110011011111101110011111011011111111110111010001010011011101101110101111111111100011101110111100111111111011111111010111111111101001111101011111110111
111010000110111001011100000111001011010000111111111000101101100010111011010000101110100100111011110000100000100110110111100010110001110010111011001110
100011001011111100111111001000110011010001101111111110010001111010110010001111000111111111001100110110011101101110111111110111000111001001111110000100
111011111111110010101101111111110010111111101111010111110111110101111111111111101011001111111101110111111010101001111111111110011111111010111111110010
011111111101111110010111101010111010001011101111111010011110101011110111101110111010010101101011011111101010111011111111111111111010110000111001110001
100111011111111101100101101100010111110111110101110110011001101111010010010111100111011110111000011100111011100111111110011110001111001100111110011010
010111101110010100111011101110110001111101111100111111010100110111111111010100110111110011101111111011111001011011011111101110111011001110111111101100
100011100111010101111111101010111010011011100001101011111111111011111011111010000111011111101101011111111000110111101010010101001110101111111101110100
100000101101111111100111110111010111010011011011111101111011001111101101100111010101010110011100011101000110111100111011110011011001001110111101111111
101110000011110110111111101100100100111111011100110101011001001010011101110111111101111001101100000110011111011011111101111011001100011110111111011110
110111111011110100110001001111101110110010001111011011111110111001110101111110111010110111010111000001101111111011110110101100011101111101111110101110
001001111111101111110010010101111111110110101111101101100110011111111111100111010011111111111101111111111111110110100111101101011011010010110111111111
011011011111110010111111111100101001100110011011110111011101011101111100110101101111011010110010101111110111001101111111010010110101111011011101111111
010101101110010111010011110101011010111001011100100110000110111011010011111010110110010010001010011010111101011010100010101101111011101100101110000111
011101010101011011001100000011110010101010011111011111000111101101111101000110000010111011011110100111110011101000110110001001000111101111011000011110
001011011110111011110111111111111110111010011111100111110110111110111100101111011110110101111101101110110111011101010010111011011001111111110111111101
101010111101110011010101100110010000111111111011010110111001111110110111111111001011111000110001111110110101110110100011111011011011111011111011010010
111000111101111111101001110100000110011001111111001011011101001111100101001111001010110101010110111100111011101100000101111111101110110100110111010011
010011011110100110111110101111100111111111110001010011011111110111110111110011111110000010111101101101011011110110101111100000111110101011111011111101
011110110010101001001011111110110100111110011111110101011010101111101100110111100011000111001011010111111111001011111110101101001100011101101101001100
001111111111011101110011011101101110001111000101110111111111101011111111000101111101101011001111101010111111011111111010111111110111100100100111110010
110010111111111010101011111100101011011111110001111101101001111101110011011011010111111111111010000110011111111010111111101111101111111011011101001110
011001111110111100110110000101000101101010011011000110111101111110111110010111110110100011111111101101110011001011001001101101111101011111011011110110
001110011110101010110101101111001111110101010010011111111110011011111101100101011110110111111001011100111110110011011111111011001000111111111111011101
010111011110110010110101111110110001111111111010110101101010000011011111000011111110111011100111101111101001111001111010011010111001110101110101011010
001110111111111101101111101110100100111111011101110111111111100111010111110010111111111101101111011111011101110111110110101111000101111001110001001001
111010111101010110110010100111011111100011111111010000001111101101111111010110011101101110010111011110111110101110101001111010010010001011101111111100
011011101111110011011110110101101000111010101101010110011111100011110011011011010101110101111011101110111111111111010001110010011010011110010111110011
100110110101110100110101101100011001001101111101001101000011001010111111001111001100101000001110101111101001010001111100111101011101100100011111000111
111011111011101111001001111101111011010111111111101111010111111111011110111000100111110111111100101111111100101100111111111101100011101100111011100111
011111011010110110011101111111111101111101110000101100111100111101111110101110111010111011111100111110111111111111110111011101101011110111111111111110
000011011101111111111010111111000111011110110101011111010100111011100101101111011111011111111101011110101110101111100111110111111011001101110111101011
111011111110110010101011111010111001110010111101111101011110100111110001110110010110000001110001101111001101101100100111011011110111101011100010001110
111011111001110111101111111000111110111101011111110010011001101110111110111100011110111011111101100111110110110011111110110111100111110111111001111011
100111111100111111110011110001110111100111001101110101110100100001011101011111011101011110011110111011110110010111111000111111011010000101111011100110
111100011110101001101111010110110010111110101100111111111011011101011101011111111111110101111100100101111111101111111111110001010110101011111111011111
111100110111110101100010111101010110011110110111110011111011011101111101000111001110101111010101001111011110111111011101101110111101000111111101101011
011011111011011110001001101100011110010001011101110111010111011111010111110100101011101101011010010111111111111001010110111101111001010101100011110010
011111111111011010010111101011110110101111111111011100111111111111111111000100011011110000011001111011111101000100111010000101111111101110111011000111
111100110011110010111111100110101001010010010101110111011111110010011100111011101101011111101100011110110111111000101110111001111110101011111010100110
101011111100101011011110101010001011101011111111001101011101010011100011100111110010011011001101111111011111110011100101001110011111111101101101110101
111011001001111011011110111110111110011100011010110110111111000010101101101110111101011111011101010011111110001001101010001100101110011111111101101110
100011011111110101111101101001110110100000111111101101111110101110010111110011110001111011101111010011110111101111100110110111000001011111111100110011
111011011111010111111101101011110101111111101101110011010001000111110111110111111110001110110010110111011110110111101011111011111011111010101100100111
100111110110001111111110010110110011111011111001011010111010101100011111101011111011111101111011001001011010110111110111111110111001001101111001111101
101011011001011111111111111011110110101111110111011011011011111111010111100100101111010110001010111101101111111110100110011110011011011110101101111101
000111011011110110100101011111111111111101010111110011101001110011000111110110110110010111001111110111101101111011101110100111110110011110100011001100
001101011011011100011100010101111001111100101111000110001010011100001000010111110101010111010100111110110101100001011010011001000100111011110101110010
101101100110111110111101011001110010010011110101011110101111111111101110011001111011110000101110111010111100101001100101101000101111101100110111011111
100111100011111100101111101110101011011010100111101111110101000110111111110000001111011111011101111001101111110011111011111110110111100101011111110010
111111001110110100011111101101100110110011100101111011111101011011111000111111110110111111001100111110101111111011111011110111010010111010111100111011