74.81258117841298,46.64602267649679,3.471389679711201,70.6941656812758,32.35155272627009
6.572033141696787,11.88730715840044,5.00275615152217,2.06966502511694,80.05195802414602
1.8358127517987266,35.472548393167216,25.38816154728988,95.01154658151181,88.29621154441244
4.985409538831409,19.842273076433525,55.96900144688877,81.67898308024888,49.52170552657651
42.419147922291,64.22246556829931,42.10806528957606,83.47744005163906,82.99651716743266
56.049143442846216,82.89181937756346,58.35639273423159,12.294635203024928,85.54606263585957
0.4595817979229033,79.94808125899571,39.283443608266275,59.396839720285854,24.62878721909778
97.6337182743807,34.15218629254137,66.93600330044622,13.834651234893025,31.734523455831077
66.58192855558727,11.264840278695232,6.3816855015937035,47.07269121663118,16.14670981998948
44.96737368978682,21.742499273702663,16.97277350840576,18.08247654206687,77.19015257422816
61.75368218415244,43.640584227376,12.621328953256016,51.78957035580901,40.579110595884714
71.40991702661388,56.541268337483444,26.53666445671128,85.07854954782381,83.27241581805643
81.78112658193328,92.50125058885186,33.78211711405967,5.265314479269323,5.978839417828496
30.127505807428314,7.682347770212116,69.28185073427736,99.32503671623782,47.786858001219045
58.65211929826445,23.952051037859825,12.850198023269588,14.935295943514982,53.603029792753475
74.48312057649689,92.27194448719649,64.96327170761488,4.4837474739062415,79.7724053471094
71.24753808308807,86.60992953030559,77.00359366365262,77.90429756979812,51.12001293713795
38.33201185454751,89.8889859917123,77.46636933189852,54.61996650737109,40.20150602858945
25.196607738319308,76.3333394231827,17.63156790958451,20.792762179607905,24.454434646527123
75.64971986344133,21.15633696818898,39.487228690187074,15.683763448579825,73.24096629549645
8.691391936359516,6.1707190780479815,86.92664435719011,71.48768402511107,51.13651835114258
55.734604163942,57.19487054730945,92.98422631478721,84.58219480461779,80.18365820461696
35.089653187388706,28.408051030454185,17.996985821317622,80.1618651439992,41.639872691161315
79.5879829966962,64.44615417375486,77.0932925209282,0.005668336678166241,1.3120727475359306
49.42533885147816,43.02649523176938,90.04384745544446,85.40384883490947,84.59972520976672
85.36948640153014,93.13589217477512,4.660620774394264,71.56193680540147,37.34375763454235
67.01838090207323,50.0200820245436,52.304715021604295,42.928076585635786,67.5178815050995
21.073133889345797,45.92601023174976,52.52464053266574,94.50560449817405,92.14159648811426
64.31306067423222,79.20023427165805,68.38179459508441,75.23889051018689,62.41627997205301
10.405617078789176,24.05133362715367,71.08215881264127,12.03415434379681,49.2598333750004
71.38585100819257,56.262474464857284,29.132491864754094,43.17415950426092,56.80402397482158
64.82030046251779,45.19917608825388,0.7307213278483493,4.565412196748397,3.797544136098585
50.22501813520254,10.328552913781873,28.735862650869127,72.62954258513818,94.83164810436834
32.99335027245615,64.95942866978831,90.70747347515137,74.17322161518248,39.91541322047506
86.8663976692003,92.99923610528285,5.870986650281651,65.10530457393106,69.4014539081747
25.104067630614523,38.824772562390194,18.745747654455702,58.12276830216436,5.608376877557064
84.16717140692079,58.65792553536641,89.635345058954,71.39950108471706,70.02085891676363
44.01070299343544,98.5962698434858,23.135475535921945,31.2441062434215,19.917969386540047
44.996189128064344,68.6890293585751,57.66144094032817,90.39362495966846,31.582688420020098
36.80211465920091,80.79453457585726,97.01546253445994,24.190809065029516,1.5404398565002975
70.50900498805129,12.333094515116738,52.68643262545698,96.8677640091832,32.008671330390115
36.972291640030065,10.28724947296098,1.7481650855742603,22.16136820011334,82.85356058731027
71.9507996716832,47.77502857528984,8.468522695058455,66.99491677454493,19.606646872965815
1.1970974639404552,76.32946399960147,94.42710357682861,38.04261751791784,94.88097862436925
74.20981319221414,63.935138439709974,28.872680872181988,82.8042685235472,63.703444079569536
79.03893219202396,53.62075391725363,5.504591277579641,74.62649895706109,70.08658783966912
78.0012838310043,38.77051233161923,66.32304562235254,5.9694371903625925,96.82538378277027
65.50491179293343,45.23641965220463,27.65995132931409,53.067567904387204,43.41124505070384
58.73073691939322,23.461184204295314,33.35565534983386,43.44516383977592,42.39434045725673
64.33514499417895,98.1226626202476,11.22729302457044,93.32381711386311,94.57609096893007
94.80378832425983,82.90913854444123,13.43050300992099,2.707665066412812,82.4597875737941
57.13589961599753,40.09601602023248,60.677692487486944,31.128964188034825,3.525705518684785
49.81133629555177,81.69581994149209,11.099066374885492,47.83604286416321,8.163378735818528
14.091335898079194,20.404728861075792,5.951668043256109,0.8927789596570035,13.05905016262139
15.836693288632341,29.715571420975007,35.598184396269936,46.0373180149125,47.09207502975169
17.509747207677705,35.37202432975447,40.9405751980766,46.071474330906135,83.10901867082762
81.47008138290663,95.1646858083191,52.78178824643665,70.19062576208694,47.385885636525835
62.72331985771634,75.1394547276511,8.238014888195188,72.4363729389134,47.109211818450504
75.71584899774022,54.694801006444784,19.818180804501516,37.08380438037865,93.32420635280752
83.65828583881975,8.1487726574481,5.647946162731776,54.87199860338183,27.296632407230305
47.316661209703625,71.2817740561564,43.68937240057777,25.568113734425303,28.77218381412345
27.4227352822068,83.38321987060587,19.65026508597877,2.5104334101584413,54.410948899531476
42.04953262007264,20.003430864797,90.01902376599308,75.45885652232921,49.28851549635629
26.44864883903024,74.92283911588947,92.28393212954641,46.79621511283663,69.22724897952696
28.321183878439584,35.799435769061525,34.80286155910955,98.33416750603251,34.180964671672655
74.28355800646894,63.43299247686496,69.92333951058197,74.78181997180478,3.95757634155095
26.87510596851137,54.31709706318626,86.38604521565192,60.1576324422324,66.90131365768444
83.26917813052562,1.489051355251203,25.91315549656734,95.02323003735582,51.761887572883566
15.973518042113199,83.93340527793485,10.577199325827792,59.24942736913743,8.046465523097556
49.91070266965715,76.76933468547972,7.32078390048112,73.66960811212351,1.5371168400875157
42.17423156883883,86.26451225551078,34.40207282140958,93.94417369152703,6.716579277167178
55.65167687788265,54.60552830764646,54.560651050879216,2.469725947956225,16.39205790504977
24.271379494257772,79.64044709971719,23.432462889439552,45.2918538920493,41.07267807283627
64.5900765567722,13.503362819488762,48.77097059235575,59.78671363815884,22.931071670075653
42.76176648428528,38.78238480032952,51.321906904829575,33.03205820837365,48.28962238168884
24.664203274214703,48.88404946047194,93.75572058412092,88.29893481199889,71.71438312787416
74.69929327417478,53.342430690153506,60.224800110255586,62.056528571179015,36.67781869507849
90.8697422906025,5.499294383890108,73.50107755732728,88.10105234159016,71.35680935525434
46.271021822228086,92.17045736232842,68.02021540505153,31.564436812240526,76.96955255191543
28.024284668025857,2.928763596859496,85.41252682791738,8.914958306708275,51.98249074340002
30.39744696272694,32.054140869320335,58.46509127119228,19.595593235329723,76.38759379294842
65.33651599549898,88.06685579313337,26.360363848798585,75.15439509537116,9.40458260911412
28.13808490358607,16.2083274773962,23.612105054888623,16.47961159379736,43.82574014915864
8.079849159244334,29.41324176862269,70.60102608398176,62.650036091618354,69.75922385971316
68.97584338371811,70.76270001694044,23.854066672285512,1.2057070358106992,52.981404400155874
30.360262144185548,2.434932514185195,78.9233183658013,32.61382284079958,21.521046628348284
60.68796080323183,89.7984701224024,85.08811027125283,8.608579215361022,57.81042425748618
47.960448061052006,56.16021333230773,86.41793649451382,77.02974312122352,92.7123111013371
75.10351670058239,12.252621630515737,16.57415977520489,16.36382691543946,90.48921645221917
24.553168992134644,86.73231378331594,69.51631622997098,33.05604311481717,79.27448951370229
20.854112896727617,74.07576374462795,96.57670681378902,38.581831874591984,54.83854068054962
43.95519254977561,32.42058974497941,4.433049287932023,78.32554942704586,88.10782737850195
44.590092136123374,52.90751808130514,43.538079293879804,59.703938156688,43.45247383527238
27.13712305653243,11.131224326620416,68.89482183808529,95.92770181952002,85.8502474324291
48.07993763468241,52.941781338103475,95.54216158500869,71.38028235225481,75.65509378791249
81.73782241384524,6.947269961799374,32.93626665879853,61.076074831136815,95.19062400308233
14.257415014616171,30.079331366694785,94.21422181781635,26.02451660390236,23.753978971954904
49.46348368069241,78.92670787934496,98.00944623533977,87.07218048974926,16.898508681454206
28.79437643892565,48.442164788527954,77.21985105767062,43.49479318338743,35.75620021864432
34.759600251383205,79.80978275687764,32.75411052382208,39.47942723577328,26.002436934707653
16.43591889588859,40.1094743528449,72.3284398426578,74.2813297601363,81.42120474383204
72.71357340424551,77.04942005243593,92.82042069125683,37.50595735226266,71.21032058756703
91.22207225068689,94.0627081673992,41.60626080314099,84.64615980945725,42.46314343256351
2.5871264345301626,14.890227821899405,95.17473254594917,89.78930808328803,91.9351614303609
84.55618209107341,35.01446192629481,62.12684829664409,42.35824418930352,77.81091539007718
2.1244088372736836,83.74729417072253,81.56927161814481,82.17534663887542,28.65704343869814
63.34481768286345,61.58609676194963,92.22665166315707,40.45378655277874,67.669349923977
23.553958178078215,44.29820402284922,63.8915389974178,91.27079340281186,47.845453960256926
24.458604825977105,13.51799453623893,46.126093273967726,64.41129476610475,24.72450645565919
30.199061239444948,70.43358053272804,64.98207573695302,56.475817947342264,59.45110267876535
62.45719193094105,97.01329404115762,84.1461609089129,71.29713893335119,84.13691949905954
71.90987523652284,74.98799014973528,53.86310990639092,92.49222581602237,27.259971555578943
66.8273202597324,51.11920515573627,9.773375613348422,36.415130997205345,63.50755962340453
13.261022261199063,59.26191189564724,25.748928830043138,26.253014237590865,5.786706177179335
24.009732820970953,88.31961215177829,93.25019644256064,44.09993559368283,96.87424519530103
79.71205247964815,74.59287218546127,34.46312724959181,53.381186624790246,2.35414209497512
93.57692748444204,62.55200791629862,74.7654296202186,95.11408653350641,64.50677679143789
37.320362597861354,5.668450045334639,7.48946555585489,26.07842612783412,43.32755902435195
18.755797381469353,57.38193357367116,13.290729525525592,84.76033674954252,56.04783804892356
98.94668389798008,60.55762986034752,14.731827977901224,43.763093106540154,63.87752238989244
32.716410508007286,43.67193984506572,75.33574368653407,1.0235036702179068,88.84732312358756
18.04041362232145,6.421044476640903,74.2823083954812,77.42127581350164,53.28458760698487
29.296133911731047,82.82942270687595,81.18640453055126,99.53449244862847,88.92666529710942
99.50482774132377,3.937062847465145,30.255584554760762,33.12790473286472,87.75194310446778
12.47787901656352,69.24677515893394,29.37667366223805,85.52569607330057,23.285209430379574
2.1421417724854175,6.4568384368269065,50.94001244901214,71.38851900876386,46.63395984563561
38.43702421613284,51.81008855346298,68.59973841033398,13.328228306420954,14.305222161609787
46.97008138641052,51.84702653104453,91.33318307060856,5.604624864274122,27.145571245509593
17.360545742205613,19.913813098953838,0.8728920549043617,50.79742920868833,53.20304384399754
20.74410403054071,81.53954705192838,39.059243821993725,86.25959884157724,9.331860039121487
2.3264825688137036,33.06507730138004,68.24074381728225,16.380793275260686,71.678162105803
61.695566335893545,45.65242595033774,41.50759770049809,61.3358320068855,32.08587554111653
13.36424252241094,24.641239640594225,24.76560728660869,24.353438264597017,15.810054417250186
52.037011016395,84.49567632478534,95.78686239299849,46.1370387712085,66.67552408430947
32.18603698437481,40.795287939550406,98.22745187539354,87.21053569476362,31.10014381459518
97.3969545265948,97.50517049993084,69.80664138764594,3.996162258831182,27.720366755258453
77.07154330003605,84.5709647129884,0.7357775047206694,70.09439063007702,27.000233309901756
34.62618572964208,13.970314223990565,69.79483331003,44.820562345868744,11.063349396576417
16.232449293920194,40.88934287142845,21.458667728936575,69.77811420362244,56.322747535346174
74.73155112299209,93.95661032990617,61.80464673825013,60.269144892150884,42.5575132431898
56.18338721272696,48.61676506272832,80.43681933092687,58.86632215279699,97.32709181693632
33.83978348202589,96.47710041844964,99.7678398141457,71.90396110314266,42.36330710366792
1.9434249662987901,10.272667803441282,49.93434636248274,20.405436397474162,31.628798658395453
49.251139658215116,30.306941007947998,86.29768804217586,85.45158683930755,81.28330707202241
27.6190373790951,58.797704020537665,50.043329916221566,52.157989128776904,65.47291191942846
57.595216572927555,27.44288226153624,54.08729145758239,0.012404567999635407,42.048383752452445
14.85589508081786,35.25456263187563,21.517377150877913,89.67705714220868,11.307200306310838
68.41961459314103,44.993932681846694,88.8832230898297,58.302745777233675,67.2706096863859
11.219269348038019,95.47342178849307,49.96466266543603,55.174402105676826,87.59232930545639
10.982820100249914,38.23947109398156,19.193035733226615,53.17465335579337,77.98251731562505
35.40789066439073,44.74705514905558,10.41513468645212,17.005186220439917,36.91907684895679
95.63175947940287,99.53009967170281,87.4225886823811,54.531168078495064,29.02008231072868
49.54058311015286,36.683169889780544,56.128415001999585,71.47979166275745,18.153230338197456
62.76566701406699,40.192047679331445,96.91750974070068,20.699887289010753,60.2409561484195
78.22385419337292,94.92016886082108,17.177883517582792,9.223509364744608,68.56444160783015
57.31375300833642,23.537827578499794,28.907121341933852,42.53035522989156,42.09149815916848
33.314618942959974,94.78303006963503,36.454067291887114,16.8870770305633,85.75363617398808
5.579809294406468,61.53363278930486,71.22968998538263,26.64139349907485,42.70464275169634
29.798264450781176,88.98437063030717,10.448637096451597,54.652116169316244,84.7317128417293
42.20404643787238,28.438895718249356,79.931706259204,10.033448619581842,21.032486392013404
93.36839670462935,26.93708499571158,56.18922089776582,7.779211106955087,92.76655991667855
25.442210832949574,51.058424958655145,1.8121462605620087,70.94594569011569,42.47129483013279
35.879921676479796,25.066405318763895,7.2324680064484115,68.99779665146659,80.27379268413533
73.67662444960048,72.8298675479549,72.39682895240198,96.0166164742296,0.3469345810193869
43.376151264226024,27.877100465454387,21.614670275673433,13.92556400252072,37.57481916829752
8.75539037726325,72.04225538078504,24.502194955116806,76.68864274559223,95.84375535015059
73.64175408404681,88.44080935486322,79.45244650013625,86.17183962452194,41.40493257518757
82.0620736506233,90.86057470883355,47.224184419511786,84.10366143132248,81.30726770058882
70.72718272965956,15.02332827942845,22.814234183717364,34.49698398562162,82.25949678483944
74.54235407567161,37.14120059634845,55.08096163856307,93.9521003580908,67.57255274339643
30.459453093398082,52.33307766488063,51.03763488667001,25.653733619568044,84.38834518438492
79.83816149024307,4.632664873446101,89.48096172887257,91.85882270088297,98.20521736150167
68.0324225802805,97.3147846887671,6.765362931154595,29.11247049898694,85.56200052553042
92.32384085742297,78.74216422563366,85.11961048958852,92.91835214465652,79.91956186638946
15.01209459800814,77.57310713339058,79.92880899723141,25.78667007134452,43.88389772853105
24.46487534790873,37.43732737194324,25.87208604561858,45.75343549423555,91.80008697772944
51.804016704696686,52.92049328908133,99.34608933996508,71.68387825828903,1.8820022096974531
94.5670106449549,98.15382659031224,77.76679358658978,57.46674257201507,66.88279525422114
61.26477803375393,13.779922002131073,41.634460250671665,78.56359776246704,79.85259936511194
23.449668261421554,72.52790859604622,94.95430181723746,20.234804632792457,96.99870639821434
47.87768484108174,56.63587664583355,0.994078711755364,88.7733062336279,60.00354398341153
1.3884543519801396,99.15198827092878,84.5710335672318,68.68128754072367,7.330519621143106
5.079729778027353,87.39172693127296,7.885502807772493,94.43700544485255,71.99863591718821
33.40382728465605,30.15656691770464,26.574313379755832,31.529521735205357,28.68877098962588
63.82456098259771,89.32763143704673,16.58625226112589,54.36993652133566,71.04266180724204
27.592132405386927,81.75099932896278,47.06413328979446,10.475281310518225,20.503884309255092
75.05397245637224,47.76522776753692,89.71354005742414,19.58921719657688,95.5257814476824
86.09589004641076,51.0496228686477,85.87933954156203,36.672765088136806,36.10440285701368
44.209260182770024,67.96351308561933,66.57238715447797,99.24718619898442,58.282358555384576
60.850683025457506,69.97163181383424,92.14355361784894,92.24491556784938,33.597624530574855
8.86578336101227,18.289770472572066,52.46960216780394,86.3238111305708,41.29923585319564
63.34530827552272,54.78534465136875,6.027974660092028,0.9246642760410761,73.55077168514671
54.93515724510095,19.81775491826848,1.356368657540341,76.5413009799737,83.91104412896688
30.698581244348656,80.85253247373572,42.66880581006316,4.304609109884694,20.694343922676616
72.79200970844948,77.84549801433303,47.40433507337746,92.04161961440039,68.68777216764713
19.82156310075267,65.16198069102052,50.97538207982437,82.6255271546817,36.1970922168793
50.28888089992801,46.38661295722727,65.10250576670295,5.754696419181881,14.779496483621745
81.17206745916172,89.23212458074475,39.98665620717915,42.32571125266013,28.336121475676133
11.42270763714226,15.097171664604147,64.08885846408725,62.78222722208485,87.57987082484443
63.114705643065385,73.76362040467633,94.64083377197467,51.33486816465125,36.008988885996814
15.576631291021936,14.162034679135482,28.690281719585876,12.108942901326714,80.81961528858128
60.75651776463936,82.60115921865044,97.19615369152902,56.44506475425691,37.24407109329858
82.69131935596188,99.31562708987416,46.05413162589353,13.380895026410544,77.75599888099377
88.9760986836876,76.48061310261377,76.19974727769788,24.947443572023687,75.30810428661064
45.926048128788445,94.55785751108206,42.68081186948455,76.8848554176853,33.19502380059903
61.882465040215905,50.0051903048551,2.275498364264994,57.43243119897479,5.483756229943937
62.94616613108719,62.80546406895926,41.64783660164162,56.01622815258356,10.761283620927287
59.95585816560568,3.7744591019269413,75.3223945346101,27.833203447313547,57.88294711545529
17.744448245317525,55.70331825291754,33.619355600629696,27.142188281399637,21.080529532719396
5.27694736528479,6.543530603608572,39.641345248595194,91.65463283641522,25.52197378969866
85.4892150921755,85.7536940677109,25.143772745772473,63.8088264291982,62.64519848583991
19.615558797632872,10.711536032508073,90.36393841478565,46.09374311776841,42.94016496146595
83.11295876669345,93.54644028205625,16.831587894409093,66.44877733143613,79.3656717757598
81.21933631465429,19.28315092134073,6.43154997161578,45.525716188537615,98.83435524957875
52.44651598454316,7.055769185147776,23.187500947689642,36.47983001149369,32.818035402312695
31.818968635992317,13.27552864472924,49.01331271140009,6.7012553416246785,87.18686149546568
25.054519929507492,41.259832310432095,80.02647132873149,45.60109526215551,77.27311884766407
77.20620934049657,12.466147195926258,62.898128166859514,0.6216416157155069,10.26357254427479
53.212588133714675,90.3921910083569,69.15533453761762,97.9623421293816,31.725978721965497
17.985765087479365,60.169045490869856,38.82384500805153,81.12394613032133,87.74807055845774
52.109379095243035,94.50815179238707,4.038349607969549,90.79425693413658,18.67294051159082
39.34929132021316,43.42642884669138,72.21583574939017,98.02315666125808,2.1511103292250144
84.73577316225254,76.6406429432338,51.184612912425735,84.87890574331469,49.98527786336155
85.96081094444035,52.928818246238286,37.43401625245056,74.74774442965482,97.9308409209422
90.08876276817797,6.39702725631397,3.5831687179401106,50.73462726239131,30.103579055561692
29.34664857707361,76.64986265871799,66.64718966840273,53.659470762923654,88.77642690562028
66.8659972240497,73.35290366868931,80.97084045344964,80.23396793770972,31.148757096537693
80.13184812648505,84.24216850278307,29.476006930343356,32.42794190299695,26.998997881444364
50.276710286727386,67.10601768790619,54.59182279464838,8.062780694895144,49.29725066911029
70.06684573716764,51.834681169695365,61.26060774451352,91.28665399537628,73.07924877032933
54.7072988724025,41.2230109131707,6.713736295392636,8.718174592724603,12.345733756809507
32.9360284234476,1.8220324333792837,90.01713721297612,32.282074524975194,62.06734619236717
31.16736038355583,99.32826210693383,1.6327026175377957,80.52619937263798,0.9247797333194252
39.571138124341864,57.68151743300175,40.72603597166123,47.93039425055793,34.453672826079455
64.57876312034938,7.942088221652687,40.67854029354916,36.027649973850295,30.073085543970258
15.30844906583253,77.96282715267819,43.831606147048674,65.01500703826449,77.01566461966655
21.243202634956006,23.45656126464457,85.39946300742234,37.44360999735367,69.76672220712614
10.710003825226044,46.76490352117607,64.16367080076708,21.005141268739003,70.7320673411986
91.81705640281022,85.44373761342882,70.75264971085542,20.247461112239375,89.09282448924517
90.79813796145962,76.92571486459133,76.65645454578703,54.82194907016176,49.726017309138214
10.161150860683144,49.44823080857292,99.03840180247127,91.94141962570876,35.88449929956295
81.44104816428306,17.0251221874683,94.99207933669526,42.98388186180567,26.078577574399397
27.108259714487982,30.33153261904865,81.55020028921956,69.38293065579887,81.71993069247786
34.07571288330033,47.077024295250155,16.792378349698712,47.46546950366112,80.52496349902874
58.69375047550529,74.79474392943968,65.54177887676201,8.166596595143439,73.16091556653018
3.1558960145978254,61.43278933078206,2.768907066417381,82.31488739423516,44.40066152272546
16.16898521737159,15.378002178506634,2.026692016464293,62.21509295360173,96.09907332196771
51.84407925629263,26.30407174087993,16.447983174622106,4.694928655704233,25.49024120177078
11.276789362556416,56.46745662030119,88.12620652551519,11.84517668401236,89.8603448812775
60.30146265771181,78.84212629692382,75.78494593319442,24.3850543856749,41.77054909062042
9.98175775797544,53.09300692354015,59.15311094872201,8.141329432252176,62.83486357128165
72.07760241797847,61.94770500017609,68.27985201543292,46.98956510188565,19.292556500293813
85.72745022978583,71.04299537808666,1.173144864305975,64.02209436017415,23.281262819203175
48.14417717645747,41.35075238762944,6.029685842371702,43.08834629869719,15.165579522578042
2.640176529173499,36.377745242834095,97.41990693536255,98.3246749173462,31.062666653744063
88.62321544366726,65.09929024457543,13.062442128951101,61.497777764963324,90.39993210874307
30.370184544262614,22.46174859463811,57.15884910129174,89.25942493407696,99.30388966431065
39.71628316579338,52.50645582426714,59.67703664443488,4.176344644095242,4.578271887821028
11.047171618382611,1.6810664688324817,46.252097829476135,82.12137993668149,56.131739101032316
80.97420042482817,34.9692654836221,68.84830146287557,44.977951831615485,32.25441366799706
74.58498991417964,75.65749678382768,43.87862815774777,83.91763603882731,81.40100660288432
88.04601103600244,37.926433804145965,9.417443493023114,76.15738524328822,73.55885122444755
16.338417229802925,74.93519857251762,76.12428401836013,68.89836998836888,48.05534079089709
86.54799891217044,30.024607911421953,3.5074565813279834,46.98377810110629,42.493203571385294
8.924451526087584,93.41992251669609,22.16633555486026,60.60126397937522,64.59373681732292
76.16866253113479,14.751907016041788,37.226234624752344,56.02931438920865,55.04861754442256
66.53179314434679,85.83935674188629,11.419285233420473,22.613667112502135,59.66234599503031
24.082472106014162,56.39582145102947,45.78262124624444,62.43917976379808,42.166673780758025
48.14758630200981,34.81405670729723,11.241688227252078,99.52045758585882,1.8636786535269678
0.5920931074230085,11.751267840557745,34.47399909694941,12.43846643749289,14.734193335965696
79.85856093019407,47.29759072353355,97.20880869821139,73.51719725235067,26.279955101054718
38.81506739435444,6.020877315912932,42.74311877439706,35.29314660231632,93.18857192375984
98.63068001468092,56.558411302081446,50.39240576946149,46.29164581754013,91.45603100767016
44.81635045846216,21.884927260657207,82.96236156781768,99.32361362270524,96.09894781937508
82.69985452549182,78.55557211647543,31.28603627415425,87.74043947434393,26.540217780365825
61.941016507588245,69.1258683258147,90.25987247823156,29.979261495387,46.56927812646266
7.2074908972410645,96.0086472182969,31.475227297339934,14.539166156785354,73.30826508665376
83.5049229271969,28.93545289816909,80.90567583184178,75.10081555248816,18.890017410134252
36.939834378864745,34.794450125366204,3.70062458952225,32.92997729707465,31.90308631472717
99.32975305935334,9.461445997550044,26.186370496172508,43.82625124770969,58.16810825617962
91.00807789190578,82.20923785653027,79.62250250904202,78.43242022677715,53.26354057489793
15.229752883006519,55.53548442236151,39.2170547744254,28.537934458058956,71.34906437425825
84.35311958356496,50.33983233188055,6.957256263932887,26.353285717421915,13.322243756074792
50.88072095450109,93.9755190760536,8.048207509579552,89.38687544178462,26.46899586099464
41.958135612157896,96.3243671576021,97.5662853477785,44.27950943715969,44.75540585035414
88.09055073059615,24.910996484926827,12.388222853786434,32.232290666745236,8.725118317103387
36.16774388514824,39.05806707930939,94.40401791767844,9.139383434934034,74.84925675991889
94.16721205859663,66.5141232071822,68.73326961973038,41.63923613696006,28.633078030198188
64.37324343800212,67.16939955116459,96.17118317353665,34.457404580307326,66.25410540254035
72.68111053603906,27.704854447659834,37.12110852233798,15.657283073957151,98.49174321407361
13.066341561279993,54.254309416949496,42.65050034062205,9.408234742631494,44.64423846082156
90.46293388374403,83.75739634070808,2.1634843274881743,4.688939130600767,13.052275808613212
27.904899637996483,10.43664485003778,15.129620611383231,56.55780578239419,47.91209907083692
25.891764197934663,94.8320321217602,65.71814113952627,74.38136227796295,46.275325479033924
98.19002190581999,38.56441819434995,80.51853828564008,72.75246800902822,40.14564904966469
76.44052557608249,30.720044687587468,7.794358850985739,31.558408763039424,88.28248840284235
99.78710607616166,54.923412691609755,34.797048001408356,51.31604183717007,9.278118547582837
12.828406392379444,86.93883866338929,78.26384648451928,20.566351413644014,68.44663060753594
66.93530775778957,15.773220486871953,3.357343317618988,28.664997195313056,53.488129304699925
40.6424700837409,24.961197040440464,26.94151143749748,96.83554964942948,57.371783290703945
40.913850732192536,22.984739695834875,61.672261679373705,47.39317845851892,17.93766364516425
57.383265378692215,61.00431109156362,48.33898721949536,67.61959635221275,23.9660551995733
11.421957694570551,4.879577757178744,58.34095473622553,94.39048726688432,70.66809369613502
95.73449323067135,73.03970817607905,73.93515051202623,74.9723807031477,64.08806873171339
89.31556959888135,0.19348092559393626,24.314819515289066,93.86270846138557,58.109675127140925
90.24183373403281,74.55360351532335,61.86355689528548,31.89298257535913,81.56585035359815
47.02793360733032,5.86301783111548,12.556739477404555,13.361577876934982,7.3426399555475586
52.22421758039384,27.606466846229495,49.712137276634884,49.500460819112305,86.59860447227985
63.48574491457403,50.77856215416271,54.133617837833356,51.606472793460846,38.608257129917
20.577599441718597,80.9194293913634,78.59153711617986,2.082386483522458,22.215209097036002
68.996059985904,88.50730465830469,9.791679997396185,49.94558378462749,29.337459763712125
90.14736050510737,90.82000276492353,58.42358581915161,55.74536390323187,98.13115242028645
59.070760209368714,65.58140442352477,32.938592274736024,20.179883453496462,16.440512428976252
82.02097612649952,67.4534073207509,5.2428078283623725,61.32057045444558,8.4628513793103
14.230816256721612,57.065780186035994,97.11652909849042,53.555500646278865,93.54874088531466
41.00898734795726,77.61307342796624,80.47928382916146,64.04531670545384,48.071558515044124
81.18358403613932,77.50452622532332,82.43661380088368,91.47143928552627,71.20728162414142
39.70771652015775,26.466328870379986,28.70869191622374,21.49978592855941,24.29312288828762
36.19985682454384,13.373925411752197,22.195925232966594,46.20963897823439,31.648586487355068
38.832296282158055,85.36396375104468,27.41212417401988,99.85990562365174,68.48150994812427
97.71696450487866,24.91099528001047,78.7962673701546,10.03334956314934,25.74025787201949
52.9598094447193,86.68785724088187,35.81908916732919,53.09077559773701,79.32308648801319
27.78481559485413,92.13061453726198,82.63589582674054,41.985011149874104,10.179885261760635
0.7609666509885482,34.61300738373156,74.81855058739836,32.27425044089747,10.414181774912446
90.82666072499364,88.72697899108363,94.46953793569925,10.513646850273528,10.023037672677848
39.19981216043168,88.97352410965827,76.61457105705696,8.930643561953588,66.83635746955665
77.31843218723145,80.25732633374324,48.7021741013981,14.382786001532155,94.4736245663752
30.454790237064522,1.367072464037078,0.8236113740252904,70.17079692689866,3.4517158407328274
88.40918765717521,47.83120679516413,57.00047643261097,41.882638325655876,60.835390576139915
74.39473057836572,14.858541400761528,69.62263871458609,30.29341532347066,94.465638601088
69.11988952402794,26.89412786885972,94.53953102290524,96.84650787457917,45.8907055516381
80.63839446173729,55.1872863366606,4.522818873590162,24.135164931457297,60.97980210632586
8.2154353388595,86.2091872474444,41.960181272184016,3.0419284393617407,16.24046375914793
57.492780146523046,18.312621399001237,23.299873236882707,10.642693528520851,79.29976555258747
88.2685360632478,23.50406500772052,17.8599653415081,38.834701651033875,26.891489479594043
85.04415304176625,16.490720556181348,46.917965624126,64.61845419976359,51.556675935182824
78.53977040901916,27.85828389856484,58.028191869245035,92.23523806417418,76.02010887618397
52.014907839206984,86.58969101093842,38.73451800923142,80.20569970259342,61.27808475835954
73.36707073787413,7.000418292926702,59.74051915516833,42.9595133174144,26.71275533419265
34.414988243356035,50.07556709879957,73.81954278369591,26.50518910365748,47.341949308510145
33.044737062707775,71.64308442943982,75.52486135904338,1.3062155303031897,28.310857758025044
80.90277153135933,84.97861695561033,58.30156323125867,11.939310451042894,31.04803927346662
71.78158468257487,39.472614736289,64.25300209877801,41.01002227953512,30.957835385505717
58.489349545357626,28.771205341586437,30.545717503007385,30.168367782741612,68.6510487029905
51.95459330115598,21.07480139768194,62.56134384470282,46.47723499176083,12.55158198401356
83.51558078997738,97.29271094369022,75.09486880685388,45.113582403311604,84.04042276475022
37.36237879580522,46.19475994331784,36.20985881009786,79.25727334586034,11.220027794266763
31.045330201122646,7.29131071008029,39.638059722263705,84.9064221605546,25.828867900747877
78.164697744328,30.73555702957165,3.7053813323465357,13.169985457993171,49.337455127728205
39.43840902237601,65.41191556223794,6.2290321110403895,85.98641053672812,53.15631815396108
11.481951964423654,57.68594616435598,22.13852514122823,45.55206779342902,74.85700282465957
23.38741430558905,98.07877957541479,18.829534022570073,72.47251145484034,99.8338990139681
9.59163944682484,74.16394577791954,72.12931706861755,6.750473636501475,28.54075890081701
16.29687807389373,98.76186632636289,88.42743492761433,57.922969364171394,45.27455856514276
61.15715780389485,44.30115412387591,2.1765508728387783,58.57997185055045,80.81603060987548
18.878718082012412,53.358346894131124,28.745441319574837,81.52477350732761,90.05887592355826
90.62309985412604,55.348548698543574,67.50905521093338,60.33994357171413,37.23857854637328
75.45447156179792,0.16423413057610192,56.37551626351194,84.11045889276322,50.52536978641541
43.26227271708134,13.958895159862983,50.18533032536553,21.534551172237272,57.303153187362
68.65235199034167,59.603956869651256,37.55143676174628,30.060850411452257,45.95951760243672
52.877762050391794,44.03172207001539,97.54472077309117,46.55386414352664,4.8206882507439435
93.9318371915481,60.73651882421402,25.242274657546226,94.06272314098537,1.3017835231866615
75.88872931942355,61.73872555689698,95.24165176821849,17.8355850414999,22.832123803577698
86.24073021680287,62.97761461015172,49.789581345331094,6.244131381108941,68.3363889109173
21.582211324391576,72.69105448194195,47.27805819530106,93.51839822775342,41.13401701864262
34.41718047756518,93.31341581116246,49.19157699468698,42.88123880234394,67.01165333375997
46.439692688668735,35.61645896799701,90.22072406321048,19.468823674033906,13.10673343378822
33.3130382293658,87.6220978787592,31.751070605931886,78.85185348285384,51.35401444128663
29.4542148288919,62.6116967413024,29.009670882377915,66.15937736626259,0.3126367087524784
73.82451742605002,55.72236508568539,72.83974153751424,7.440468950880819,2.9764045130489025
29.800220315723546,74.04653226405283,85.91437413237259,21.770022872283434,90.93431968028204
97.96285683868842,18.40332512739069,5.6362572562493,6.495864353771951,34.26447872088223
63.28967915986177,46.31454580943037,52.65147321131054,10.74599366155341,78.81745986808855
61.343000565285145,47.984269737907894,71.79700562550582,57.73403409357315,30.554763552650886
5.122318877786003,38.013918038713456,57.02850962083673,18.346107996930627,71.46409018421915
34.637296640862246,93.26858145634941,6.615462225913637,64.11148985272665,85.18742744282305
80.04946422484358,8.560520036849484,36.256998435056545,8.626520996669484,30.87530734173678
91.47938593769094,88.12155123493051,96.86370477382508,43.029940236884066,93.45102419456333
31.199204912127243,66.57356966499206,4.756795613237442,83.44192005243963,87.87501934363453
46.21743025713179,35.53900162170277,58.76982655718548,94.44489231295945,49.727835264370626
67.11072845694126,83.19346309506443,4.793860390166261,43.87035275342861,91.03719128667628
83.25232405004138,83.65735130557331,38.492301644035045,15.800821018851241,42.89973013277787
41.098856785742214,26.692177174090226,41.89157661630881,6.966353219608312,32.0060454123355
93.033849563648,67.95768236576698,26.28501159638763,77.05677199758458,6.918710101571168
69.75647356457436,14.097686308398693,89.70427981010648,64.8041108588745,6.948316063398741
54.62876995216362,99.7938388214542,80.76811204334614,11.628904896815161,71.90768057092227
50.62725052623664,93.68107029579734,51.4581608220375,39.70542842754562,4.894766111971737
45.08583908135181,41.752165984985,80.86462457696881,88.74187570986491,23.43790178222498
11.552401738094487,87.60983231443669,46.001743544432216,59.221636178173696,27.667009645520913
0.8618917083924593,74.11629221516687,75.17462104894267,32.206175521051925,77.07826449249741
65.3302349115176,74.00280689978828,12.378450803157692,50.81073541148993,48.59183125743124
16.178211597710924,61.24261162834903,25.90841659620211,92.44595250253982,80.69376669816832
81.94516835531097,98.57031875721461,1.900598580266477,25.317604168119658,43.61352848762532
17.46136369563579,21.832827680278022,54.39110575115448,46.2399950066955,41.342280915839666
25.189589728304128,44.53080919747937,24.292527784183036,87.06712230301527,42.01084262045672
54.57563495572897,65.2695021759897,81.4938930178537,36.8802617778503,86.48446783167616
86.0109977634826,16.769070274032604,55.03974299619699,70.79050552515311,73.07113117358541
70.9442953913347,94.12384345148976,11.421230320335585,28.14186039006329,99.78182080622565
93.43846289803317,47.372449214069356,82.66596302932273,59.94035723963741,8.819143838452625
42.031450278289704,48.59057496075406,90.5745328902171,20.03412803458129,79.81156323750731
76.91780484864569,91.90902811737568,22.53872658108519,0.34787290112285874,9.539136994624775
29.26572828416967,7.465450227714754,57.2769769068585,81.5567500546619,73.18479944393818
93.35921146113283,39.91423783271656,61.62414447567709,93.73957263041922,68.32159511050486
11.203115481226334,30.37607823606884,82.70748352642582,9.182323930750446,24.853875623603873
19.885222575292783,5.605284357156104,17.679956826253985,77.14169642504788,17.37030915682164
15.356374511419435,53.611751781203864,7.859667176551611,97.44517376460296,17.422811640169655
18.826688103720247,98.62878300117325,50.78811110005799,44.73204660884094,44.22335853186148
49.643696566788776,53.00737974212401,92.39897265772169,10.309907718654499,7.975521771137006
87.02560230823825,42.245339788342285,87.40938788671434,47.84294857537661,72.07177913918174
96.66176518207556,94.31212378194927,93.42400035192271,71.08777097732019,75.15705878156352
0.6209249973021191,13.265523658437106,92.26534094545623,48.99165718255314,67.71397973188182
71.58611850655124,44.316649882051806,14.887993275697687,94.60398887865256,59.9540125501018
82.05405808069972,61.54440384671022,81.49950851097725,81.98305447460204,86.64017189517227
95.49710566235892,63.509483652199336,28.4470708199672,90.69004244977496,13.035945597546196
75.3494952755494,9.306915864129618,31.769523550491584,29.820323249388657,89.31084105471726
31.829032921044277,42.976313271426115,79.47418828715581,48.76973422717514,94.1643145521488
61.23157867738569,0.7265429970212289,2.447759694433005,20.677441469426604,52.58225136188373
39.0577848667797,31.872767641538825,32.02866063418309,70.04551065892615,77.43860620178855
5.152740342609274,64.3786370697125,82.68861437623897,20.053545554085396,53.119045783590444
72.39532294021554,97.22169958175904,63.264747633839626,6.022832762992547,73.30716483279858
11.111243567641893,89.24283045309551,62.28316858958208,47.53817747551848,13.938409270700824
34.98653839646588,92.81758275453195,60.84302757275991,57.22398561584868,58.89857925315899
82.45884364213272,7.774264529857766,54.573336503237336,30.172116830177497,0.39133905909422007
95.05109081962465,39.27581605539461,53.504430766903695,59.45458944544211,70.5130945288823
7.2079861171432835,7.287894453541799,64.44302470175772,73.59385479280273,47.88750317151275
22.00805341756682,61.02633049987736,42.07174371671811,70.89355625080566,85.89474594568355
43.51165982125933,15.714382491896217,29.98354140785332,6.085766895187749,11.899876872138504
80.71026232477624,44.76040002181529,87.07868734663785,45.039396772324245,7.025310610911218
87.74649446269301,56.91332567476004,73.85539325573424,10.463705169433645,79.1000123491917
65.45999847028784,75.30351305220113,42.781599395526534,98.42493302587742,1.1123332367032335
16.142779233296977,72.14780996792429,11.902751488102947,57.39769279223685,25.276290314440566
64.2684697228391,71.99452295767573,40.556547440247,25.15260347379803,8.621102665742386
34.8869814184213,86.54876880367267,70.51208848527186,21.48769703634641,89.58929407588099
13.916785205765347,70.43959633834234,23.213431163269572,22.333340802863045,93.09858666510577
18.320341389811624,92.7480690238167,76.81428953488017,64.53060462862362,50.26008820570337
1.0157232259284887,13.645010084275622,34.8758887980721,11.88458612067641,75.36822903422551
58.33183199147729,41.95055852453141,54.71648723201772,76.05833033828506,28.54701090911623
25.52558708704914,78.62342951757661,33.57078802707937,44.63151039806663,42.555271864899105
97.96130622548655,95.583238532959,10.3961254750066,79.59814259531261,12.599621985260844
1.3283527643601967,9.038930924522415,21.643679415720296,25.262971691676462,11.304850366711705
19.280004735255083,45.53046452650019,17.14408483648603,98.89577641882393,80.0854907677254
50.12758268139203,20.07970766867051,56.38228495378157,7.482728491309976,53.52435337404167
46.57953080924976,20.173796881845785,3.3185453894762573,9.109888467043703,5.59038769088025
63.54019838952206,31.86052089361181,13.647342426022712,11.847471799043918,69.4101999291113
93.69873240535932,25.216887199774575,99.37986257241424,97.93370277038669,83.64413835537725
25.557984809220592,78.46531119587216,89.37878109510517,78.18903386580813,88.69502000838983
42.17058503006352,30.03418212680218,45.64792265970146,32.69197129973007,5.92283121500099
54.28365636990892,27.430785380323954,41.89384783565156,77.9407166459194,11.477503268147105
70.4508486918668,32.51038634037836,72.91011984188178,53.4468145168054,93.80528037418374
73.0982859195229,38.36967122254886,1.0274302077422193,21.37467241047174,78.93247619146125
10.452580337425532,55.55467035347467,7.212883045075358,95.43298718710524,66.85121006939883
19.21966212555849,4.118387001113177,30.16711982585565,3.4150035369298393,15.583390795790308
98.62262427371753,74.29561231041106,50.010015879653025,96.73348802964131,17.897473776786022
39.00958527893083,53.12940464455049,92.1140408477526,52.64403823105004,63.92545692745267
70.09708961795201,33.97497684953389,80.89684041013109,67.21866771836585,54.847453332002324
78.9906090181899,26.74116792885424,50.29981633816219,87.01291591608037,36.01238450441463
29.021329567074417,89.98955711208627,52.99075356026671,21.07626875332097,46.0367680393046
3.768978741353679,12.56277224211615,66.22003425178548,92.74094925692373,88.11078361185656
3.336542754861893,9.918228197181778,78.43449906830615,38.29013469865631,24.281168926819106
26.223666269569556,20.317125904234302,62.5708010070272,80.3732652865335,42.803400743117116
93.67331414554583,32.75068288052388,56.83330628402121,39.34335299444102,67.8970287028896
95.18705826555517,3.7626732374619554,26.8821183229935,99.66814355806379,85.67370053680257
13.848101691332882,16.565416953090985,38.50314815670504,13.15689265636858,44.90886392892851
47.861201874342804,15.349437049761184,71.39973382574843,88.98907867984656,99.50925203318157
78.901537378695,9.36761924645676,94.41362882283104,84.73759317146522,71.59756998091547
79.31147456795946,17.98360951702218,53.40127148131588,74.58367053188326,30.063213506977238
49.879269311699495,86.51121913216808,62.13462994727856,91.01761718242494,98.36575428489608
11.458301912237168,7.649498168161828,15.888796835722196,66.05825899830599,15.381731293945734
41.501410154753756,73.28340934099977,47.89861456555826,47.93954133668055,80.44101846359165
16.281274869904628,83.05008060058762,91.64751679292398,66.93135819459593,17.471534443949643
80.73719429028961,49.67945174285685,56.348753296973,51.61901542761617,83.52976020615745
98.0015862967191,13.257663251942898,4.640991307442133,65.23828478100565,86.44317729027281
23.19464169243939,49.53948119356282,13.823528420235554,9.823162065523483,52.38614473091102
38.53467616763888,72.36006151903638,20.457247754130314,42.86055347781633,84.77757976492485
24.915923331083867,4.539166345208967,80.12906607029298,40.95596853915497,94.62491285338155
69.22936047334775,71.01865998430382,64.25549671268786,19.320634920758415,84.20950438051493
75.35276080982996,3.213700694564392,59.91469915505443,13.265248334751355,96.09690700112989
27.08118582822522,82.80749847136035,38.07109217894112,73.41195390399199,91.28256555358274
26.605319751803535,99.47876453312725,57.008691147081805,15.521014224687802,56.702866668637576
33.875854823861275,6.362319879203104,40.64914174114058,39.71465072943029,56.90064424288226
22.47469088221843,21.604236718865543,47.585396770596546,84.59038328977167,1.7949342336331275
18.35253533378346,83.7762014989017,69.66163462128063,30.08123662453852,46.35222561113766
67.21008176068243,18.191798991150478,56.53774449304182,25.36063553364575,52.10547264506358
34.05403646724612,42.25486475343389,63.81749237739398,30.509616801165883,36.2212841843042
24.894332184597513,68.29306763416622,51.54791389040708,4.135109718313135,73.59224224866935
8.231667653673336,78.87639212998504,15.275958558152725,41.08593701156048,59.42867438686257
14.98961048724512,1.1406240335598117,71.12365185141957,98.76482287535845,24.23141554966095
93.12016416026191,49.25752807868127,34.101143259956835,35.18823275481927,65.12249890024499
89.84754857254434,39.0947959795208,39.047515295395144,55.1554544964698,38.318278827778315
97.28617090148191,1.2876469560599402,12.063883223447814,54.96289874109506,50.509498477893914
36.14075653374205,58.00089839992876,98.3419646937741,59.379028249348366,33.55121043877487
95.96272162478799,88.91063303288531,33.047487439648215,39.83864378303221,20.869847432529177
67.8740744370261,24.417652694131675,7.884875744492015,87.27832317968006,30.195329203741128
29.28220552190116,35.19157050528433,72.7646124266155,45.580909120392185,7.697696044368074
66.32494483981571,14.619636295693283,9.72847514885613,32.45292645623783,98.34250994969031
22.125521290821037,81.63472912542208,61.56570583027976,18.087779491134558,54.57210005631743
40.148879441288344,82.85386070035663,51.4012949995459,26.67152406024008,85.84269791333658
57.227349966763605,28.98169734846946,19.895211339023135,73.1932429867995,30.86560108890638
35.94869717538711,18.445831746818676,59.82729186730032,72.71083265732601,63.967427066814395
98.8568069498184,56.27731189524066,73.08806732388268,1.596684377530866,50.4163134834284
85.33533020721717,49.34108381100789,38.19462252550788,26.25212342098515,60.230610667146756
58.4847642115507,22.297058813031366,95.74030314179747,85.77420554450711,51.59876734114849
96.84649574139279,8.649353277075743,3.5408104517089423,13.298207808542061,91.54247956706504
74.17786990349818,65.26728656000545,48.62950906589853,53.59376182548519,32.65316909047634
13.936418442298315,15.483297474991708,2.715082917968259,86.1452034825918,85.20357994409773
86.38769996629968,33.14518651939873,16.839768983325154,79.69296753601046,74.77834609485409
17.324157684724717,18.186219361453972,3.576400711091321,65.45217216932107,50.63047726194431
79.52283551608357,62.603175671424914,35.46902736543591,39.8170034835753,13.35236031449255
2.3095898846165364,75.48817691006843,0.67522101794939,48.16098201381398,90.11500075203892
40.46465535509635,51.44452867542577,40.1531019688676,12.064366670521276,79.3420569283694
27.76851539227605,15.350360675820207,32.003709939149495,96.4329446126808,23.780843303314867
40.314722290499304,73.11479441032247,39.91130853881567,53.51858212709259,55.6376309727004
16.846780038209918,99.32265025216684,71.72495446710371,41.226213955023816,74.94756559728704
6.437568918023418,19.393180762953687,56.606409012380624,94.4868448671443,22.530686884404048
84.08297093396313,90.62787137138993,67.04816264181885,73.1252099034975,44.967591847562396
40.65176738634775,70.81342784434904,7.476816159369093,44.40664342908127,22.70071626663678
63.982835249969064,37.10249643338219,1.9373417636860846,39.49081026423668,12.14798790957532
27.061949840083855,27.81041088872236,39.066534768144166,14.448436076011628,59.68334816394611
68.12052328507713,39.318088036292096,38.275916037765924,74.44254721913455,98.62180730444092
75.61066108761104,2.2417712786028443,97.83602053002194,36.50997142511309,33.25806732719685
75.15292997918883,91.55440959101061,51.06960568812,51.33984320721429,37.65824869651997
46.996078960881185,69.84575448846644,54.313782884261116,49.515480574474644,20.040214924459377
43.26609226572603,78.51043148964685,20.67336116198678,30.747827121850168,71.58612014615215
80.6158078667445,47.96816580406558,80.33230942237357,49.2506941811817,83.21263438034383
13.549631386452576,87.62923579238293,89.6370393963436,47.21069205295624,22.06915320721349
47.862292485063804,66.15728157234302,2.2398233830438152,64.79616872356203,6.177037627034898
87.91828501722036,16.162951452097385,49.665216020868364,4.964618160873857,33.26157035310743
20.680135425971535,64.0046430680676,25.058344890159024,37.86297103085181,5.667328560687823
0.44823325479516063,38.47669323288715,8.092090134243247,58.75313044026751,60.35918428713237
36.78736663787372,17.946266734846215,12.313636206097245,59.83612687345903,27.42221427407985
15.000550764534559,7.678131349667594,91.93698180018399,36.32134216069126,85.78717889738579
93.84040261987474,58.99735246701082,36.50872333913523,96.97411262406584,52.33306516125362
84.6884615552043,0.9126789437617799,95.55376802802526,26.287033869631806,83.10103827938504
99.83060155235025,84.18537347168699,9.21474428911867,51.96242541016096,26.140057965003628
5.519568208983861,33.99402623075278,66.96334786847122,59.892670091759534,99.50707243618318
97.18273352465123,15.225377082997738,39.52128011010192,64.75456675718814,82.33827436862103
44.99343531640264,67.2899210261005,52.492757710679285,34.68390052018283,23.062110306180895
97.28577552478079,89.90278074333857,56.42982756028968,20.467683714030784,0.827436152580241
87.41741253685923,27.501965374101367,87.88431117553306,79.08296044049807,92.59954580884613
71.69350437883108,48.195445186301875,16.06165181298166,97.2972761248089,52.501874189996435
76.36473712762653,24.00270300070182,80.59945226341266,93.993008270721,11.802674360367638
99.19234947242337,87.30979251516642,94.24075604098213,59.4199687816301,8.442604782009566
53.88846763779897,11.224213710806275,77.60506102004715,79.56991252436897,26.746107887857907
3.3617505491193245,96.533821138584,67.01352993850281,36.24929648794909,40.70359450741474
76.22769642100225,46.70265873669099,56.12702085824765,96.65659190392202,52.4745574066932
11.14317450147395,30.697301953945598,20.63333852752718,25.016424858083052,78.3698828462934
44.268553324450174,23.267169351849414,99.1889124531975,2.4487900375566696,49.38743309706545
18.73148236628409,72.7294908882863,66.9416083109266,6.0598250960298135,22.868659237040887
46.74558931215236,77.88289019736166,54.6796894940038,22.705540109740696,86.30972310214915
52.13691248121781,59.4522986516964,93.47043613233626,91.61546231345274,40.408361721016796
29.725578850774216,32.172827890668565,99.6123424856608,72.69298022080581,31.976557721800326
94.46498496494074,34.12634736347996,32.182952321357014,61.44977302266231,97.46079975778905
91.7443241143515,56.2590191323785,58.792610038250736,19.170122241848595,61.882986022523355
35.51349276580083,33.01925745541491,84.51516499555449,65.24705965777747,34.07777492341316
54.04052382468707,97.49896248934448,30.389442443284064,18.01157163132031,32.272770891121084
10.863714887526509,68.96301384684352,72.07409544190611,13.511169025408233,51.94252736565284
30.61407510429266,57.46938429730362,38.801219737453174,66.85894060116276,89.21739382874274
52.26756319782866,55.508037262308626,13.640567571487672,33.40421502254293,66.78753024118758
67.36902182490334,9.534134853848208,6.642526608190491,6.776079916156064,68.60483122270121
20.382851291631976,64.22904732407032,89.74809976061812,13.720671864935973,48.072434265653584
3.9873174267951117,59.52172000868071,80.90473243515672,73.22816219148429,52.28891020077301
49.989632005206985,35.81940140957022,85.92598824820723,45.12883147248948,38.9107652968784
71.7548165391456,61.97513556685339,45.013549132184416,38.09647788520011,47.67291781586652
47.618040886953125,37.36333550748158,40.943301093603154,75.84513712643603,99.47702162142416
55.63963660851081,91.25676018876355,67.82992452018945,24.070964057540422,69.91224328395441
19.801834519903306,62.64182737433687,44.04966726361316,27.927510559673397,71.5475891854036
39.12631891333924,12.205913548376001,6.622984456276393,83.37948739325853,30.553648760422327
87.73408145909876,84.79141305345726,50.820185559912815,45.10960101949792,5.070875908677753
38.52319505630839,10.289879852108585,80.66114001981148,20.380602482327713,54.07504727945015
88.2101236850631,53.71717796315026,30.156281922239213,8.720289011492344,39.479370782561965
73.84996517367529,8.017035711064525,62.95503084241976,20.33781844545578,15.569301786163825
46.07711723709298,21.846639931307777,18.779592358089157,74.14234024436472,44.31514137234621
84.47354739934102,78.16758893395591,97.5256474695685,43.003956664850705,38.72668688809674
17.251094997443637,62.308435684952975,83.38693140319108,89.20147245772591,10.395832391553538
8.561042880294,44.14750042752751,11.628638308562,76.29306848894926,32.55629133410823
53.46754005313339,40.716331331247765,28.82756402149427,41.11461063741182,52.45379832061886
18.694823065689402,47.11547039407823,38.91941829843331,14.110008169528243,98.54960335989723
95.1916940795758,18.64931936028249,26.661077584440584,94.64584496988883,91.50643730627392
12.525952409348061,26.687026704101946,92.48682254791099,79.7985258011672,48.00052004660288
85.78103838356346,66.82104366960695,13.311703508986216,74.68480468401243,36.644211685095016
46.63959988281087,83.41804547032369,25.6729266343391,75.08848616104422,64.1090134625159
26.081763434814796,83.47219414488815,44.279217657580915,15.272887313118765,49.569050148260544
67.67227789660714,88.7339001663853,30.202533019007515,30.215737067616356,30.176758159788996
24.312263306319192,80.74687287949173,23.518950823953023,37.23500316699848,49.169370146110325
65.1651341825938,66.32462550056793,55.29538043680115,41.88798687398837,11.569460666024556
2.3133589100784224,34.21442784777579,84.79080798034555,94.56926316010258,96.00261066865215
35.70085505057868,8.586776072708147,80.52846703468533,3.413260165889165,15.212593876600156
60.500698823810005,2.89803618649902,91.0176129208821,45.59360819276853,62.06101052831983
70.92639409795474,24.39451259714839,77.68304081150218,75.40942080410383,8.436746580232679
2.754494322303458,11.506598247882993,30.389978186430213,46.553662529908856,97.65137037920881
58.53730570050285,32.96330928524862,76.79245608938434,47.5280166183641,69.61039708013975
89.02137571892156,96.39309696722303,61.31481563038441,38.8306042757262,31.63302038627944
20.582916409475203,95.90768427970143,40.378449320827784,23.26781984805153,72.26920925844912
85.33606905783219,18.496505304305344,45.04055925242232,54.55903735010214,22.294941539404036
59.746508261346584,63.554718471216454,40.340561025748535,53.07937149565392,82.86534681322597
7.641645101134021,31.10941018287985,17.805008738286286,85.54304040898188,95.67346904913407
32.48461894212657,83.79204982065154,53.572215677219006,51.34142074982011,3.7753796889640534
38.18376563752103,87.56725933809764,78.79202986973279,96.32782716788977,65.97081572184446
51.96610807931916,99.73812445161954,24.819859298422685,93.12257218323352,82.23762383373199
77.15434899643208,59.036604704064224,26.167384561245555,10.066777311292451,1.7313728095344816
21.384503586427417,78.45350571341851,18.088602916087815,9.08924001680802,49.908519819267305
90.31360764833049,3.3024041867065312,40.833147131646484,35.118365872306754,49.08886432861305
41.2953606649068,64.57638170193522,92.01083540318756,5.934651167730265,37.37410663966014
39.669109154842495,64.97117032643042,84.79277760487005,59.49630852066359,41.25232670370668
25.397766782098252,11.94028571354825,49.16268914212022,95.94062737655256,2.6176748446146814
77.0121416015978,55.404859989409935,42.184642953557784,24.652819672469683,63.528863633061675
47.57524620281459,25.81501136095944,99.56557733186196,74.17450995817477,95.63543610333633
41.254871083279696,76.06005306038553,59.86422202982451,20.161059508827563,76.56583724819987
39.940608304189986,13.858114852030068,82.79944952441629,28.807500159785924,37.54756318214151
27.598422495963813,78.71245223727963,70.28110230414572,52.88917563739335,70.44183512305231
61.62991869990716,67.77109674981378,60.71345425319134,76.91704250252867,36.60556902530486
32.48852372021251,69.12889472437327,27.140468764530034,60.45752401408635,82.2437897036857
73.2141808901005,0.05686580322492585,46.647582834347425,84.15829242728793,15.80234662721729
62.90458441858956,80.61124253581907,56.410586403905285,18.885872891144395,56.246471692530385
4.093163502003783,29.303557007582125,50.12746112732318,55.23381404859631,92.37072369333603
61.848190287127345,68.56723113387856,7.89943297837562,26.451574437734305,16.96224089449183
13.361434328855937,19.144150657856006,30.8030153342421,97.86792474416414,46.58642575961471
89.67801609958644,81.58302928478457,85.16635949748938,74.75570649589967,47.09223994624051
0.6272795250361285,3.8097470134959233,42.486960411520634,16.256702107982402,9.804160884178259
39.791233577436635,50.804874649371904,35.52166088336705,43.65248026396331,62.112498579517975
63.86768144457441,81.95223507885501,75.2276004539992,99.61100953328878,88.21640384033468
34.017318224210136,50.351818238690285,19.048166432182477,54.479375874747724,76.31956479111939
50.58814731672165,24.8485094804883,44.07456026000137,36.95910621768951,78.96632600171631
28.848254710207964,19.77640326505863,27.892558852355453,86.21295655469659,39.72500240137408
81.71068738536611,25.866115402356428,57.82586614173412,4.786175501321999,29.02866250778404
24.8224219833597,39.92659823372243,40.99133900300915,92.71424171416582,14.46800046043406
87.8421482166132,75.43574919367457,69.83510728496832,93.80610132034745,73.06319852616011
36.13594722245911,8.224121874886748,21.230334793834537,79.11056519365077,44.80272466638385
12.07254093750999,34.531359102873246,66.00387893057992,94.22770128433335,38.51038295031922
71.29085218509368,72.59873314247204,96.12635509706504,26.7917173022279,44.31961620620787
93.02836554809211,24.788732908111655,38.65156686220643,98.87238397313591,74.48231756051644
52.28707328066694,74.53026541739743,1.656677186067712,35.89040574460015,26.665459162408624
21.010688097772444,88.23969581317424,66.78708478952015,20.22996324050591,19.027871338527337
2.6195909265253614,96.68420875837178,66.23938526546004,93.55881937170686,18.274445338010192
87.31523727224109,6.289577409821567,58.27058011690429,6.083262113762133,47.842995318123016
3.844616538917578,71.2732004031418,11.599997684757902,90.55341028756419,98.26862716536073
25.992551339834403,10.66450005082402,61.25855969846366,16.324933909570262,18.655735761308023
34.725479620226366,44.796867949968444,85.58571772797367,76.32579883577549,28.21134220739442
81.54690742881078,58.70349123340412,91.85703167318418,59.56662847797182,12.595356166246951
84.45773261203686,15.466895317856133,25.77549688879327,3.0943809993414173,18.979350389149108
59.33612191605974,22.532755938375427,58.763018567081495,65.40163997139148,39.17727593154399
49.99648466037584,48.987701574245705,54.27929603886628,9.499122068771303,85.75730554189155
44.662941550625156,8.42258891546701,64.56249875135786,55.67795409831664,28.586539932762435
58.4499531713932,79.22871765482427,15.990139397388337,37.007943830761484,54.413367287079836
59.70495639361201,44.84154604467571,98.51272360505851,60.718740039860855,70.21591999421732
15.783598903839435,1.8699223324066705,80.90784368991562,49.13769329661268,88.38647341051413
16.841837294902273,29.56588514218509,39.262360590011504,37.472909334608836,36.57234023977907
98.52233235829809,49.71282291059502,60.26246307303838,84.93249207729802,78.21225716185903
24.099605075148546,60.577633525420374,58.49867814188393,70.52600303781993,74.62721141604506
21.688492967404194,25.240266773357067,90.03527482774382,21.87864571084256,8.640576727630634
63.75165990960725,96.95098300233735,3.736966661846952,27.342371052087856,67.64397769133943
0.7191503971197832,39.719945806511305,88.22381428658656,60.96866914210183,8.025210751229228
10.255322344976003,98.17815442626376,74.75307413268182,36.19683335136639,75.20033573172537
64.83183793991863,21.74193375576171,99.38072290515369,37.02034445499988,19.437166525666115
97.1071179799428,11.546560450210642,46.261429081818726,17.409785854108762,34.193709512173974
33.473110425641565,76.20499605983532,69.36159248429759,63.65236911481967,39.877926194326285
13.441703633011514,99.72697231069375,64.9417123639754,10.167953482994353,60.01880684393104
61.987633546493456,97.31152874436233,39.59023790888799,9.391310162068589,65.43842228587428
16.84601432935924,89.9632602802327,77.65730066904169,46.215543114774604,83.75116960914015
98.77643673018089,68.44936468441564,81.96215306235014,7.626147690331864,68.04827310153905
34.71460870866989,10.652224056720849,60.720153236627525,71.39755858387038,19.79927216514691
66.12434708937721,94.56542975301046,70.3812444581558,86.38974712448851,25.825433803457422
63.2172327689988,8.086797481509933,84.87267520507538,96.57056954234571,44.13746221487669
25.078555742123033,53.58127476107961,69.54341813243775,44.848036586768515,82.97149127123339
74.71508337226437,32.899341951741754,84.31595885003483,52.54247043518835,64.69962567332755
89.79152421414237,95.8508548673363,64.70735089427845,25.76026747857082,88.22625975601068
5.5019653831976045,28.33732756340592,26.891987247868386,43.95592128872917,46.20790139881581
64.21509689185856,89.22690116341123,16.446029460272804,56.843647130349005,9.336422836586644
33.15078653624548,73.93614947180637,71.92877726311029,43.25570748452242,81.34364083792774
55.90377941589443,28.980819392002754,6.600865175938619,20.442838521902594,44.339872704252095
4.7724653914923305,54.81062976191845,29.308112103495386,91.38221796786567,45.05047988107306
76.7385485208513,4.784781030104379,97.71654272304804,94.64453851999941,65.61220482703708
28.52790712568862,28.58621645570135,79.44281475574391,35.449741261637755,87.18066702082623
7.312728688566872,41.1430228722289,60.906726867532115,38.32111819504136,79.66556805021075
65.10601138140744,25.507982191365674,65.55730871487854,48.232748638925194,75.82808398981703
18.961098636923,95.76665534898011,27.1323191715247,0.5851183309338093,31.833091149689608
9.471495134648112,39.78105812463449,19.93722695906135,96.82977007578245,64.81952823957624
34.54238230679204,97.32755764766249,45.12693532067891,29.820460066217148,8.10896144613993
86.3256912581772,89.26841843934486,20.839706202024956,5.268400857925071,84.08166651134012
45.83219272752006,87.81383494355866,45.446872604323765,99.70969866330191,12.623543044598119
39.924825475237945,75.8276962241327,39.909807964505696,66.89886477274783,89.55311338859818
80.29810006508313,48.00508366537589,0.07597535704697567,83.52837045014229,48.17769372271714
87.34984720765652,37.17084403909738,16.628755595620692,96.8641079016756,33.40647829819675
32.039745829721646,68.91492716501521,20.681181733191966,1.313131295805714,98.33131086416483
37.7226980208176,77.20253751782435,88.55794345322238,90.32189156083241,20.257796211805747
88.92316525152408,98.3219801206315,78.30392082108918,8.839968702250856,70.41406907802923
55.60917577335939,41.11413243182026,28.007583235522194,57.33058005278657,13.006602756529906
31.166922426539067,84.66569740053521,56.84590561327568,38.21277909708629,23.91053852668319
99.41239068262485,36.931714766819844,81.29325347933025,17.905202534045152,22.594623515687108
73.94516884129027,63.091751570686505,67.5428145982959,67.8247464799231,71.9329812024224
48.93537733723422,7.033071205313568,12.804223876896504,46.7225736798262,69.77857230570746
40.55425277045786,94.16328161045396,31.88564553233545,89.78678069592839,67.52470207406334
51.73680106441832,19.74608453407154,57.1300721375756,19.304878698712756,25.52394531521991
23.153520044709765,36.68346409733548,62.74745649194827,31.670835142269006,82.00183975526954
86.52326782380517,48.11013864796888,67.7893795785593,10.63650904672311,3.376687014448576
69.83115060722955,60.24090092184505,27.554898993577105,99.33290883829937,47.143288683660685
88.33876688352046,32.24471890496784,10.675969277395204,69.9826751653635,81.83056093802111
10.6628583270579,48.74685774505642,26.371033254190557,26.74874827328947,47.214946698361004
57.94425269765847,76.65990714114466,3.294375661465543,51.08162673472574,18.196420406069546
24.127742921175134,4.880601474070357,62.3985574481538,93.9769991214565,65.7305725030595
66.72636407698378,37.725209526725735,81.27712711821303,91.3976634372265,67.46471602715961
67.1671357131958,19.484913999603393,59.621821964792446,42.22310605768258,7.845756255927439
6.880612348844806,27.348886606068245,49.13315952462559,70.0616641339952,12.322076242642144
29.97469107523664,71.58903029251472,2.5948116205044447,30.59678920453901,27.876554953013944
80.68669108093687,8.815434766688057,95.3195631046066,90.78076309647905,46.46407269522692
83.55056984990237,44.14827010828417,37.16448169591624,79.7596546121676,42.411343747739316
21.223866663440305,95.35079018154144,56.32052890720727,1.7226432161222993,4.347719828491082
61.97243377888449,23.15619956350189,1.508790988748776,84.19408134030239,30.96102775308203
0.0008531799760791436,97.17424339033448,6.252835006918045,13.967533311081382,90.93897361598383
51.816874136052235,18.173143392236724,81.51934123469576,55.32876400616522,76.01000555868605
7.682331575865852,1.9361044653170012,89.27842632054117,68.29907799127591,3.602185427968929
71.9346152590305,23.348183040984072,16.228683656786192,38.66206653356004,96.31403057542904
91.2605750154393,57.750574268496045,60.77817073797016,92.14382762062083,21.8715704091912
99.39849441178134,5.256496238653597,53.01033101658889,56.479754793289786,36.42613526030784
31.759671847582283,34.508489274693545,93.88225485312933,60.44911137216068,69.34385801584199
59.358944211789044,44.07267585508705,32.256734047610955,60.3594625819398,16.288080826984686
53.93073737240588,95.42270491069796,44.51693357821311,98.99595723456845,67.36158100774755
25.710767209332698,40.107007488739,21.836947884058144,75.42321571355886,93.2694953943801
83.0716040700017,95.25964749464111,35.39679324467855,72.3939793406937,53.45239158469424
4.188319355447801,48.51393433159373,57.47461485634363,18.773475519790583,50.32845572182099
30.932150029623106,5.622912400760461,1.0664954694960094,60.8382585299433,9.425029418400566
76.067076112893,10.16798891836752,84.04313692587277,4.863276250595005,81.32736580735283
76.32872830255766,20.365946420903203,49.849098187797146,65.11786695166782,79.85658123983171
83.49107930028893,87.97457324585433,54.85902252787933,65.5808778920333,10.179151536953734
34.892540922279366,51.739135872900846,76.10988504737661,30.443449953595614,3.066792108112726
66.34945916758134,29.60638191080369,1.1920154818075623,88.23288417809809,62.04475123044041
18.81441385718058,83.45685878856753,33.37821335155393,68.00495871927012,54.87101256295056
98.04639460509495,29.88084984717595,9.242103460104067,71.74461754217029,13.601235830304203
2.8686947253703687,30.55291994635224,47.235584129453045,43.143238573784615,24.386598678665962
50.312673649186024,30.958491485207173,7.4188964107253845,24.83121315006973,60.607644632073885
15.590272235854885,18.09371289292878,89.08903366984894,79.07054529736098,21.339334791118482
45.49805646921019,55.87437848042293,31.165344547465,52.542207825033636,3.770828057705533
18.293997534920003,56.63457400342923,71.76847214108624,97.7680761884508,15.313938864269726
38.99488613469983,79.63240848086468,1.2565749655811365,89.19155991284791,86.39754380110696
31.827999683942654,48.90229264792975,30.355668733980202,21.696918772723073,33.761054541527
75.47290393323884,64.68807934393534,66.3766330179882,72.39057123309416,58.44271032159393
84.58979977326678,8.057316848906982,20.750414344590894,87.4037759557016,93.49513349285107
1.6710775623142604,46.547901000770196,10.098757181592067,63.219282833495996,83.90429511868248
14.797826398637358,99.58522168528539,70.6984956006105,70.45573387100004,6.890978632132039
5.8215293415983975,18.80345323262329,50.02502871269101,14.298693769413928,56.5146788021791
6.652080360740664,49.908421551100105,85.45957280411727,11.83961993020468,21.420609649788368
96.07281017155218,14.414887508477936,58.18789771700181,21.42967151790911,87.90012346265569
13.830258393765671,3.03679480693565,27.93889907969216,81.07846637477314,27.985723385357154
0.8854523940484804,16.625143698978427,85.7087485947128,20.070701667800293,60.1279263674784
84.6085504788777,34.691102049058955,38.91313190298354,21.02222354484421,99.20659630208574
51.354013356563996,16.487127690107584,81.68140523230248,70.06304145490094,57.31691957300139
36.18570004566066,17.166402650511557,79.33287654827886,96.3429510837613,59.23115364699708
50.02713921949974,80.34439305368602,27.286315061381984,0.012416007089333103,60.54452841582453
66.57169411497321,14.918557575875868,26.105464499858634,48.18732292603948,5.322142336546332
8.030370162975375,63.75189620984559,79.50862183104088,33.372721988597256,81.63749490522602
1.0322129623813958,14.770384735811392,14.54310998156263,15.325187633291016,44.267644271774884
34.460723513197266,10.218987707238048,71.78662376783593,99.37266223997348,0.9985157831391978
77.28760378440059,41.76355253028415,4.437348244790417,55.23832892021608,58.244622533629254
94.81109110592085,51.38613057250525,40.553292833205745,25.98150307142556,60.4647496564463
0.7168798664552334,74.67958542282193,43.978214837929684,31.80755858292994,17.865403539855652
22.743786081307682,14.415041760210611,66.51562726665385,70.68713532803801,33.96367986770266
44.59445547851456,27.505347200013276,7.750251606816061,73.53194304990205,47.05892326292344
74.8887072589858,94.74471694512918,47.213612972278526,67.63391004769068,32.81220679353901
6.8072401674592715,99.78121829114377,76.69042716816978,26.957841729408916,30.224710215481444
31.822197192712267,24.222711101797024,0.08366789674346675,3.452786332572344,95.03250442456522
16.345634261126797,88.2658080806531,5.936233850342765,22.231207504644257,7.836971441094043
47.92230950526145,99.27420452609269,6.873702068589216,99.21357692750715,2.1653666496673885
46.677417120987464,94.99340814871985,52.68412485298831,80.35017345245186,95.66154564948567
99.8391637322444,20.738350669759765,61.7395017486403,1.3583871542804715,38.376994105855445
37.24511023421141,81.30474575464176,14.055718194966971,77.6390510085401,86.58960327553767
52.60264722888239,9.043527514484618,81.645309388242,65.05934795576377,27.559790875902745
98.85586436943974,7.8397575320621415,84.37953841167294,97.93100607277097,14.404480066367743
69.52460292025808,3.131276122430915,32.7815639561844,67.32956806182015,95.42721735649104
16.988758646136393,46.51575582512627,28.477622549508407,46.773827596193186,70.60040649100388
80.49094662694877,43.87653380267217,15.564494025329578,92.91144108394973,24.042438596840054
21.718779283678057,58.84750046236585,25.858830894543416,1.6609935181797986,43.81627585987018
63.654948936272945,77.31076291613468,91.54222888172454,50.618639179051236,57.38241667623881
50.70054776188899,19.293439872786212,50.602301020192265,76.54972404727968,10.734028555168251
28.39472195366477,27.783612012300896,48.37556827198024,81.58866939052572,37.53984450994309
98.44595940117709,83.9927144760184,81.89166634180167,80.61295989385981,23.522090238857285
84.89960191981785,41.08804704115692,51.546109835632194,25.257758715567448,65.24400594904506
68.33911345666964,8.957546488420808,34.776357729016205,88.1602544364384,23.61375375939542
32.30739385656843,97.36964883028986,88.73262639052854,51.17194135684839,58.606853570641846
15.051983185777473,18.88860248155293,84.74850540377848,31.06282899428964,69.3216607828825
63.0003139189281,8.214180208632794,24.675083787517593,12.152298025051456,83.36514624577404
35.96185404069412,60.072059888831106,24.934526060936,18.951173740575022,37.647839825620736
83.1953423195623,3.6853938686493004,46.2278216342738,42.218644932685336,77.54748661798398
43.591901656978315,72.64342648389604,74.47651321089948,18.710590629326575,92.1625337729731
11.963391009095947,62.53646586016719,53.89790875594112,54.49319411808035,28.21502037633752
2.283891848565489,82.52983315817013,22.201514691349132,10.287813035954551,33.24489516353438
49.233448814167325,94.32483864126758,65.02766610551997,43.531324310096494,91.2983516541259
92.43019019684344,56.73375287945355,5.4299634693855126,81.98172439844292,82.47069119901599
29.941407537397957,34.129375528642456,37.92782218559074,88.10054600475372,76.61421069410933
81.45056161328266,72.57834965466195,5.651919387575511,86.06425336448712,70.44892800096913
21.787270139608385,21.188454827867364,96.89167099722012,88.38002508885867,10.772148919482195
28.849312921845428,20.362699324324563,6.308036299512287,80.56494449753457,22.860033791367695
93.87925321496442,40.79918510912594,79.1892016145718,9.982904577389895,22.029982298362725
83.48666263218361,69.93442079536626,40.64830133644697,70.15064747672446,29.770921213996083
93.78141536778888,48.252165992839146,52.76858363419464,24.07724543018659,85.95806902882761
50.98392101348511,41.46410232602652,84.12793193414522,68.42400567213741,85.61706226804661
24.402901678831146,44.31018194838248,40.27592727237699,95.32908246876801,81.68902050607976
16.920299631312187,62.14609241019736,30.38871185529367,64.67885461364743,41.698656798182334
41.16640560183305,46.903120876713785,94.75137463791528,56.2771377897529,15.319849891154757
0.5675238356020573,81.08889304013584,61.30151748165471,90.7364791321263,49.332639160372196
65.82589120347612,42.95990882988473,76.69076226919348,51.24206870126527,89.76527837461504
86.02575958209103,80.85248460642883,75.63733048565983,8.168460578645275,70.069654408129
7.24864851039102,15.917821945681176,29.02669789431913,21.15611552529273,95.5665371332185
80.29401724281975,25.802256653906863,81.8101291279169,4.876095388877221,62.22294630044646
84.80834052606767,30.098260962533153,89.91308475244742,55.71511820622622,51.31863322355746
47.664428876876954,58.01174013665099,17.46950740407962,72.31401625152274,64.7764434963816
14.526504857821665,36.15350689861736,7.756285719392519,92.49632745649951,35.128319757075566
28.06758188762497,85.16538495706189,93.19540161619545,11.779585802910319,59.16716775927027
11.399948725244602,97.41755110432103,57.7521619917153,70.85650442493842,72.49340074631017
16.318140052331785,43.05039760619114,76.651889422514,98.85678916181458,83.43938973124234
6.002370322117145,91.06005398057215,85.66562896793451,63.7021500598609,83.40985701531412
90.24553762227919,98.5546279602964,40.61950095029799,64.75476132649662,48.19531209676081
57.91642231877388,73.92181757420366,37.07552011595501,81.62272073127785,36.83162024019045
24.35805483325142,84.68839077488221,87.95572088674257,7.337153366340409,1.8219740195832945
44.636867725371054,86.3501566911523,2.630117483996186,76.2913975369228,8.553966744544594
2.3472255933133845,41.74762887842427,46.24269126842536,41.548525945694195,90.74545006784108
34.538439138152874,13.039989047046651,85.40025148781416,18.022174689268024,50.46359274674521
32.3756490004582,83.62728097106715,72.40036885744425,53.89096736536373,37.789938512112556
53.52371031196858,53.77174128092016,29.432273517590225,20.8851874696924,56.56445454286434
76.62457820974579,90.53456465373418,84.28388142864887,25.89331201313172,43.082239163805724
28.393630483394606,26.562437931647263,24.226176979195902,66.07029614833306,23.823851586073996
97.84170381994201,67.11226597613845,69.84976990703603,5.740140113876258,62.17952675169914
19.439012825567282,25.18403746343607,5.450588072248608,27.410386056445358,51.2718996046375
91.36325182076568,51.23049102139752,0.19734933892775475,52.878137546002066,93.38706261183479
14.750641124889652,60.20156870297215,58.192846865712596,16.924092459752615,25.312194517685615
62.84147789078559,68.44485233849947,98.74037360557108,96.97989650835831,88.93094255798518
55.31802306260008,87.06876282369119,83.06529870019627,62.94846281651948,14.141396783662064
54.534313219327814,29.604241053840873,1.0658007992690344,54.21095650860639,63.661154696402356
41.81754974067704,68.57145839301957,81.0373084397162,2.2627175162052926,96.15789852825772
88.65874767427792,94.43296099526044,97.86559774013725,78.93031624771176,19.4041936007485
35.24433961746427,34.062103538826435,55.41078406823993,98.901593337185,28.18740957688113
49.594381942489385,20.782179817291556,62.13522077277498,17.80211077552768,33.794712946792515
84.50368190284074,26.079287277930764,2.794839625808454,4.160207323660126,8.02530484342171
0.9660159773623,2.63384828276092,34.310925588860975,82.44760129494294,19.043653827339245
78.8336698692928,36.48632685056875,65.16353337786477,35.80913636432326,10.89271107110984
44.58283267305492,57.10775129153917,74.79262570698353,18.834550956324236,97.0902313610003
56.77187465774618,68.71695862152391,47.01890247499344,52.62987812501203,49.38825343132296
41.750750189571285,97.77915364662351,32.00383598629644,68.98299876288078,81.26165600088596
51.54211488921846,1.7301405253352664,77.80645842391955,45.98346970374917,50.95297057992355
83.48394067804776,32.88429886637317,95.77914091648081,4.610933061118983,61.19990599542313
78.85184205371405,20.114354033047565,42.84192289711732,20.262527233178417,68.63307507468778
59.17843577650012,70.84373904349913,86.8750533043593,73.47715358647979,42.3327264066531
61.09495754711748,39.563210843224006,52.529323955928696,67.52343350985959,61.41220493831331
66.97103774586584,48.14248365215861,24.830720148598395,73.90653070251368,83.46334681314414
3.7637342592051204,27.75808352286947,73.54422479428942,57.03321521850201,5.369815336356087
6.066213004581156,50.364793092812086,54.46388989337746,31.51073438689704,17.44152144495884
58.805368774427734,33.946020835911504,44.78430177139858,97.1991493424585,6.367066037377189
87.96082255031477,56.70592716811471,45.127579052907464,67.02412419787288,74.29969309264429
70.93760290642915,15.691745461972328,52.97100060199751,71.50352934908109,95.93623431027545
90.10276721688174,68.81240824229927,78.31409249250953,9.863567620679703,37.2851525714572
70.45269470282894,59.234438082582784,8.921804104140396,43.78516494947129,7.237906949299166
25.29376776434863,36.411430197650276,34.21271150933396,51.180088018156844,53.33841225482373
14.646013367191857,55.60330271018318,86.78875153689357,71.26008843166535,39.62225386894747
62.53756786013833,4.721546183519953,63.13861893892329,62.88425581405007,91.76505212222838
16.52820554767702,43.041942915681695,53.60791764161258,49.68522893010825,89.29587940618696
95.82179507666268,31.44562422061873,39.17132704752384,89.98798285316286,73.46762001768316
93.38434590338693,94.83575482242395,78.63037554424238,24.41226202702986,25.855803726701332
71.33912042321198,29.31444142769338,0.19796796954866247,74.5837728277394,44.5659963197839
20.416902230890166,44.002484937547734,24.959302716327148,60.002989341458836,49.26135657247631
7.29799124221887,1.698593341388499,52.4464523397977,42.44139638395635,33.35006737149154
72.344407846805,39.91879080626857,96.9155918463469,55.17418408766594,37.12992038748789
23.934587195349078,34.94175326007583,98.60254739612373,34.615796895485374,31.042586751814817
76.0861069389043,26.27378861755483,70.73846947738198,20.532394604663896,31.375908336210745
17.165826997390432,93.63542353339383,23.06329013688073,65.89991447345757,29.166372368387062
7.342811683630746,73.20629643210934,44.25013154518926,5.454341223083459,71.92744761859642
93.64641309074118,52.59573544663982,64.81318719350074,33.081098331837765,82.77331447287159
43.178568562890085,50.981963776921866,67.7345928507326,30.55130797253782,4.323100718580363
70.52115868497552,70.92267362895419,18.077874889366928,0.9444321014536405,41.9815240353854
19.309215844481898,15.106583539853013,55.766229059296855,40.05180614817545,19.67128901368762
7.545984875978162,75.17943719109229,2.312724530743371,69.34123716496843,58.18711431381461
34.25725661084221,85.8405825114828,52.4453723563171,81.64918852183168,57.7388030385749
61.29275394800507,39.72489152025578,97.06644902789259,92.30844066220133,16.22672963514552
32.38104732344021,86.89807816293306,75.3008019836427,7.2197792930340015,25.143605901889266
58.397657626456,28.872710082428565,64.64537539789332,7.528063029902244,7.8585724954012175
14.03765154825024,38.21409074413792,27.76821854384266,7.06836434183179,19.74541147690423
39.63705002344929,51.77513413620542,94.68186558011041,40.36733877260884,96.38353055861059
86.77182632388804,79.7221331780394,5.372207842351806,27.145558868566244,19.78045792728933
21.864395363064247,80.09789397703551,55.75727103862956,15.441560303375933,9.591582554824118
50.57793115514797,26.335597746298724,45.891657514041974,27.59640575887481,29.65635485416235
31.6007795679334,6.320048824965352,11.027665072013793,55.001276842926906,0.5484204743075316
74.3967844206159,79.65558088156638,83.48842244487923,5.11402071907463,78.27725960174577
53.98749204527373,50.70713645645175,12.63233643662003,22.945756399956974,18.910803924363307
17.013440297398674,62.0548603330296,49.40641881971586,24.814870969221946,11.197992359709808
2.45503430756826,41.45851040876397,48.75402729168504,48.56886753872723,78.52478737551775
84.97833894600782,19.61479020554472,4.701869223591048,92.71787770011946,24.70186265530784
53.42233451732803,89.84079880498504,71.1882152759866,9.799059268061072,6.791711470944406
22.27920120843837,27.093095707416737,10.082004814184653,64.01889118814428,25.587149342898886
88.96717350634079,57.65027209634612,40.41789636289537,19.13811064868215,21.84352239308337
87.55717791174138,90.71746694005604,41.81322584179704,64.24619663959152,14.003760720051472
91.64328614034727,83.20552916705319,39.75333185743351,14.26947250461097,56.07074563518252
49.12272618747209,73.62046428611356,68.31690885092448,75.00416861826793,84.42628673188032
13.286629504561976,27.743472692708725,51.12658381726186,65.47658529907488,47.9777663161922
18.58207448709367,81.15279498787666,57.16870747742877,85.66838913867963,23.525630835176703
84.84467076271886,89.48138548488454,30.948436564000314,23.532207494119962,40.15581932587974
86.26570073194749,45.18287317969104,91.85949029941843,80.25743017347364,59.629161137498
39.25923881972776,12.922536029045606,86.6495672649495,79.80625417743379,60.214405230777416
40.40983108407029,62.5212562459323,53.39117649969132,67.2920435212736,9.024776928324318
54.27237542275042,39.443168657026625,20.063601222107152,96.49542228496564,87.69975831909743
61.60236113290235,14.613285292975975,27.142029809445965,87.43786756866744,1.8083730612375004
94.0664027584596,98.11915171374402,61.40611003709603,60.587237268556024,79.09079139666032
59.19680905568925,4.44594207006066,58.42494605243448,74.39268635129433,87.21005965147765
80.96086977715593,64.16948860332411,27.436771809891347,3.0587659685142987,88.07139978029032
27.206149197564088,65.01052206367605,32.559661230690104,87.57748789920707,19.77265898850581
2.252549073063248,69.46592894509148,84.95977674468705,21.425143247156807,67.12772384377334
35.13504599338013,49.168380090777674,17.67879100891232,90.53681064678348,47.746877225027276
25.684574517698124,39.85675007715012,88.4433515362373,70.15336403430165,9.646343613702568
83.52203334376567,15.283382660298816,29.81412548894038,33.754505434213854,92.78703519518446
19.75974694040783,67.35478555180629,49.59384398788443,97.17058566267762,9.400446263102037
21.592650441257554,0.2671339248372595,89.33184488634753,15.501790215288214,86.16912113276119
57.24350621463811,21.678990527765784,89.51439402247814,81.44345486528806,58.26697836759919
91.38113987766123,83.48737761763468,44.2996195906257,67.14986130611766,24.378044495358388
99.9811006961159,80.6796864374248,37.40131343633735,15.783656008983183,41.61369331557506
50.89952649549,98.57711605353572,34.840354981504206,79.2819585664467,26.170050024971083
82.99729151339092,12.075747524338743,23.47495008887479,44.439765371226756,15.854954376412135
50.05755205180178,51.55126154323547,44.686237054985476,96.50289458255192,87.46415350093024
30.38849183522705,64.40843335221972,3.2263072546776295,37.36484312995204,3.914423530943678
15.528818682397095,7.2967843101448215,81.44983765220552,29.869821479961832,64.88988009118073
41.808285171806936,68.415789385593,52.56863240030367,48.426457895354666,19.803757265459698
73.51561489994371,11.906026454935514,48.99775442492744,68.99761174838439,21.390519695880826
86.03047604688024,29.133547531883373,69.9440882049647,38.18245570940578,13.204684144370205
34.39418624642605,54.161684949352086,37.544946724609,31.533991733812318,41.90226741286893
70.72451885226756,67.0709565882773,82.36718079129986,37.8687084876948,69.08455313638238
41.13387765524214,97.12192528990268,13.206022399904915,15.430054326607678,43.12845435562587
80.37601763362943,48.89415230830816,58.90048957050964,5.855431738543171,75.76785010867914
35.29500330366846,33.891791159926356,99.48332670407007,97.56149317112659,37.97113698783754
91.47371290648113,86.8489801364569,55.42887598664207,76.5005875946745,22.132591510013235
72.10283047828125,10.275992297449154,24.095733358288086,46.20948458368856,90.2450529200468
64.08369539210887,76.98166072076222,46.58418766996044,14.71324485493165,44.970804804624876
84.92742077754126,35.208600214916686,30.711564614991893,79.16677663446059,37.92711547257856
47.5202382397004,99.91280495960632,88.20983732772906,2.160077154120177,28.929905876787
78.11796860998548,95.69553491620954,13.285108352673003,79.23854242197767,71.63049740293576
52.40993069940437,55.87262812746494,75.85931721892909,27.031174115672187,76.97925387528066
74.31945981228336,84.95877129200036,47.55683419023779,50.226492867774844,83.66020626455554
43.519223682852946,37.40489856315676,11.097895542829693,47.219054939335706,23.413650016981446
38.94650227060987,41.7471820582071,39.46000477134844,11.658942730548361,12.119271754763139
1.68152542136486,70.26745357743935,54.06829817720694,79.26632080675958,6.655853958584757
32.99459318001765,53.15310657302441,87.87342139249485,80.50477212560723,93.47205882129843
22.66869069967964,44.50632041786653,11.214620138861397,34.568281037338934,15.36214164894979
47.55284194764558,80.4629909234506,45.46874465199004,98.0236528831464,71.2585217656189
9.61592995070738,24.691104965500465,83.47048438023454,1.8201186674203118,43.2041322230844
18.133638051250223,65.4512024281677,48.46047556984784,54.69827396697663,59.88199699869491
38.997422155535276,52.656647903414665,16.527225902124766,9.64957451627142,80.63435767188875
96.80115542880282,99.04095047199793,88.93735007118563,72.36672670289191,60.45529681143794
45.26394655827427,15.52133092292749,41.25180273729294,2.510194994288295,48.7289184251364
26.145787325292247,38.838463458590724,27.125146246494282,71.76715295448507,8.79632364681412
88.37669429034283,32.84249759365255,75.87314936891966,99.93891878326713,38.98661867040658
9.916556198874705,76.88651407922372,46.89904026909012,44.07892359522505,78.62766682268378
34.39495412704462,10.712661216117137,25.10206403360903,81.96710720308631,12.884601696542175
91.26552128223341,45.885420753942896,80.6324235663153,32.03869886958043,79.53196250811474
39.1398986277667,62.73052571206127,77.59710132366044,85.31946403200122,79.61543303645844
53.181445941280735,29.07464998805963,68.12542069776303,36.453251450425896,66.97840518772473
74.4870206033914,90.62047957506752,83.98754147767613,84.3495702683213,39.413053001706835
83.27583925082438,75.77297633550614,71.796781214969,40.40095981528658,41.70068259415045
3.7181396426746116,81.41310263865515,34.029355838023555,94.65938996059863,98.95248328335032
7.702420567725666,20.948806472305726,43.98858350807466,21.85474526985961,17.2324741838077
93.88134418310405,37.57993656476854,98.79668453535419,98.2289834779442,18.50708757640891
39.97776445153113,70.56255671268006,81.23318972368546,13.31180493005073,76.62040725065268
63.01789751732447,97.42020891325602,18.385969362346522,19.699529036866913,84.08703315948746
2.6584686548264735,67.63886280297172,7.148173590950602,75.80803960433109,75.48880188876636
86.64322028153045,78.35371041596908,35.636010967805476,24.211442289574713,8.076921946653437
80.56826871521221,10.481491230390017,60.67661836452377,4.6284548264648,69.3040529938167
1.281307106032148,45.50580157509913,45.436053698389536,43.026162111945396,63.26144397145151
34.298961246401596,99.31277438870698,3.568330944747744,30.86498229140092,49.917135205273446
95.81140081425303,90.5994784489001,29.978433067610577,73.66122759796794,87.36311855640778
1.8051515940857188,68.01450211455324,30.662765586955754,25.052842005215005,56.5716638088259
32.680755230731506,38.67081024771257,58.85765404181416,64.20505880042782,73.46662914868695
98.50572698603786,17.185114793382272,26.296063922172852,2.7397101054623563,50.83984232823693
90.22473255439768,81.23866362439254,77.86758619204599,29.764017883948092,64.78347460291894
74.43787350993493,7.333752512606829,56.715781206614736,52.56619049970328,42.314632540563444
72.37616189449608,81.10882276628234,36.4199162205357,66.68473009088305,1.548513261311879
60.315186831494906,71.27048226772875,90.4978097876233,73.3194544115231,50.95692953453472
9.754560576771498,33.944386751245126,64.81626101147067,78.73772076120935,29.20924031591936
79.8093206160431,59.718369607874486,46.8213296631774,46.115349059949274,58.979296597402765
86.89276403581039,82.02481222889521,90.3381072641183,22.6354823659074,95.15151064674411
47.142669964654985,45.58856698051934,44.09112294565318,56.896066930420716,12.772246783835307
78.74523550503157,41.38998469561591,79.35431197966334,82.65912948964872,69.73434844568072
80.24964795264749,23.488231390415205,69.58156621103345,53.44690885514031,78.14940834670246
89.19901477438815,16.447418420165594,62.0107721090584,55.87533334868353,78.75348395915147
29.780141504438383,87.21146157480455,43.7686988243217,5.028695243893799,28.364787854808327
36.242280506397094,56.476703936442995,12.65770074179542,63.810314686773225,97.78882522889786
39.9258531793099,0.20454881612487208,34.44014009397869,49.18980083356369,52.941314207306704
20.053918823888083,98.29631056642909,85.54971242804122,61.628473957282125,27.1341493122221
30.407110073957856,78.89189380292181,96.78371923914652,50.863418361113446,79.99489265987135
92.84380085507469,54.7491864149093,80.42245964666502,73.77213065846142,1.2282622865885884
84.98969372538376,14.49183796261565,50.835817792683336,35.559768390983415,19.470716702101797
5.296168594030437,33.12982519749681,46.412745072177565,81.28918528199176,45.8740825413265
54.33704196834316,2.721817371801105,75.66337017674321,1.6343839802035687,20.458103656005132
85.26880344471687,76.61178421774959,10.578589047306808,71.70155254611691,79.6914128419778
56.74771334447233,5.740539304319103,95.1390767543479,99.1230007630732,48.79965167528527
63.37481809098501,84.2929837367648,51.45380916006673,1.4620219068224083,30.001826814523124
86.36538890129064,19.155643086925156,1.6943011935313557,4.338983499486993,20.880854667664227
57.894204885890055,47.259264434218075,91.23194571712008,79.9758675007956,85.64385321703767
35.33574663775887,79.79170437008932,58.88812294488016,53.163630914661276,74.57924999288596
91.50970885334131,44.35091707347325,62.50984144002971,46.86883660611478,46.16896090078744
48.80423254239168,59.93617478407077,36.58148802389953,7.064561145007087,59.84773593851828
81.29094107345949,51.46811528216181,68.08819301584057,58.77472115866193,88.29985076555047
29.398365280927575,70.19954095112972,70.67836524354111,52.81350117545173,1.033139166713981
14.070339632419538,41.935392820852904,75.56102692144282,30.720519952854918,6.413759558882615
64.38246738799252,33.05365863456412,34.540830044379454,34.02326863676453,8.952125109715968
84.93079233304768,64.8066635705699,86.31889509311314,3.7769317029593297,18.660539592485893
81.50432623852356,60.46334268122765,59.565653906659264,44.96513032416358,30.002089940649856
