20.139871019439603,88.07375618648281,19.67904923843712,72.4237992387748,84.0027027862894
45.667455116489194,14.354289067500513,58.65642278969319,98.32620691028198,43.33604695584935
40.19743471772733,19.942397968262725,1.2450558993979732,41.63149800997266,6.697180324802399
64.80251440201295,54.91607280735295,49.95338718278659,59.827497813053924,59.330730350295326
0.1514709386432611,76.0208565787568,80.28159388928043,75.12782646547282,26.97708141168642
44.45397644906925,78.02826504778413,15.174484039930714,51.9581036978692,22.78070079846558
20.97088402342694,71.8660309229463,71.18688223608545,35.00499184608523,66.93653855406771
15.820019043193357,50.58096977929131,24.077360591311614,96.93630452338935,9.320341577417679
30.816019520502604,21.14179857294427,42.961940375217544,29.136606044331582,18.260691540457717
72.83509738428096,45.64395944542395,70.43058101029523,12.949196754757075,86.05551540064819
67.23176465551978,12.214192607447238,19.51350577827351,80.94747862882737,17.563323844151
71.34440188403494,23.730001231021593,75.63613718462082,85.0685465432229,29.44443773823484
59.12569122265049,10.544192646567696,52.72629043409219,40.0170495200723,24.598989015387463
53.50192026720231,16.76151992193695,25.866004022749767,87.87487959041955,52.5401880222079
37.94961778124134,98.07732195959099,29.833151750971187,41.96783244091941,21.311092491362558
62.81084277123525,64.81759686044873,17.96102741146628,38.11340266903026,79.17198421367883
22.145679117643002,88.55261355553336,28.749098318876232,22.673514027417184,64.229431107018
8.028486521508126,90.76813866301634,87.10977067148299,64.6448487097842,94.86840590348831
17.77379409546045,61.60171195800698,69.35250577326524,87.50373255588391,52.76174836246754
45.852015262434406,99.82142083289777,53.405607251048046,69.11682535850846,14.276369874102969
30.861075947038618,55.757467461029385,61.909884703430485,25.617605877426175,98.09682130445847
81.17456641235275,91.2334535626264,9.97386713467938,70.10249903315321,50.681416218627064
19.180574706720734,14.890063847232405,74.58157961818259,99.81760171283689,85.67781177169567
88.20331050794924,0.5214368341546982,76.28285430041545,52.44560799006975,43.74167215951491
80.10310531298741,22.875602302310007,16.033454681258654,77.71275259634842,7.828872807659182
13.038280201192432,22.65269230195677,20.088045606180028,50.52019846932508,56.468110032619336
1.4244670491944889,81.71117620113746,27.331233611684457,65.49675519316136,68.55421683798336
78.9482696766245,77.78306252609691,72.89900710515204,24.860007821248466,0.3805337645864215
8.817999839481017,74.58010707912133,44.03693153144592,66.42213585209518,13.126755962835436
23.04177733519306,92.46805527258708,76.867029892369,28.523543991644516,49.09272053214811
91.16173055775458,74.19319125225405,42.38674957537528,28.3965776362098,6.7517303433444535
22.882096827282872,76.18450178322523,18.896670618234246,46.33877877167735,33.47935492265547
70.09187736430728,20.326989458888544,85.90399264556787,95.46098644568129,98.42022043823448
41.48021607923367,97.04340330258614,25.930625778070127,54.12079540789443,69.1976253084229
12.681325084349703,92.64650824175801,88.2895317986314,50.41012667457226,54.010564288347915
68.78514581642666,90.95029475745665,22.840238626267883,57.50386517275622,87.50081996356168
67.49781847295812,32.58707707235118,1.8889994358768036,1.728267838431563,39.6013825055006
56.3334437210746,25.209370026304455,0.5403828167999669,77.39041691036635,63.08028143319161
76.18246552181817,19.748558840384977,11.027419148748407,39.42826465800481,82.84815158362298
86.8783727744522,52.78100332126431,4.255155704636159,35.13195687427542,79.65833952463178
64.87478784044912,22.265884131927983,72.29622834669952,38.789200045130926,25.163390387956152
80.72885484570187,34.41208995362358,57.93979655280837,61.532640857025065,49.70424782902193
68.72135223526824,12.177507835663947,3.1359570238016388,76.6264230824959,37.93398027363444
31.632945964690464,97.90851660595209,73.85848008545108,0.4965375445709408,19.459990934709136
99.1247358790228,78.40181463599984,37.56691464909069,5.652200050607847,13.639260576593404
7.16924452830574,49.95967425453043,10.276177165412193,19.689201024449087,58.73328263082619
2.8428406895590896,56.287787815693655,95.14784601370907,97.62132188230068,7.870362750357551
10.048658842603963,8.342051278641648,4.972231353966194,15.139318104000044,65.24231265634278
93.29075737260669,38.77372315414876,57.00888922438943,16.53710212149099,74.50315823470908
67.82205043065672,31.754015867707153,69.70425127929445,59.91464058122813,69.70710898608851
3.4479460986731825,19.541722985818478,86.15286643309756,55.80092819878665,48.8861587970031
2.002256547122061,9.003466320163334,52.94798186967422,25.117604150699734,54.494138966027116
57.97850676032873,22.80026693684426,62.78471598347469,46.922212263801796,2.4629888065512695
52.790868771185394,57.4916292368442,58.11186364438304,96.8521335060454,95.85865662088231
22.106996050642014,18.66767042556823,73.67772853225974,46.72592747780611,28.477768939264436
81.27052581692517,24.122550629777706,50.72905955499859,97.8263560745554,68.33543370885657
89.52333714160459,62.88831262859367,7.567241772518541,62.22050677537469,19.069246193445256
43.5235422068755,21.340984208302082,76.19864334140419,56.600678904833465,36.80557576006317
33.975431371590545,2.766038329929299,40.03690978110258,88.61449687995227,82.13460641261462
55.87123139946628,21.016440424254178,72.1886711214654,28.96243593064901,97.36978394109146
48.591624526695234,1.9749458151523513,22.93275421581186,53.54244495878769,93.89492114325363
73.11041711479973,1.6238330174785265,40.1509384337779,74.82945329719591,80.71223799421234
96.61690570591125,43.96363010609029,24.250282458010297,67.36002135731086,30.62852163059987
34.780110619812795,7.045590028902138,32.88209215455852,20.35040682820567,74.57604393420286
62.026138255594965,72.9283609892523,32.30652044604959,87.05393754215378,74.01275463245524
63.272679427127756,4.4565202641981605,51.17854747789159,43.00220398672885,84.68442887003764
6.502773175805032,3.3923386264845368,40.51388531224354,81.10875274946359,44.890047926664224
40.673032222687574,55.81978854447859,73.56743611361777,59.33177775011723,77.93336946991752
70.5852492326005,40.17515289831996,96.05187925721427,44.341802799536325,19.75752989303747
26.33406078261521,88.18191479536078,93.6808946333332,36.220503527903524,43.78321360061845
7.378331687112838,23.484028431778505,64.7732874762872,32.5436256133913,37.133341005592754
78.64934379001505,8.59675372313562,99.07162601780158,64.98179321940776,50.59984773390167
37.07096631316126,1.3281964375274846,60.517786774380625,27.08979973213954,37.55493816503317
48.71357105691534,9.364528253890214,82.2332994865055,61.61501724649988,84.45901224680085
17.397889868896844,66.12139794177527,67.23163273268348,0.7635338157270133,80.79715300635876
72.23969091445424,22.7108836446824,59.31556600885829,22.832134444270167,60.56070085870308
99.41690118705358,10.687300987933302,39.615566109321435,49.05790108386764,60.16297501968681
89.90783826299239,11.189032775909446,4.176842228355426,5.407707900387337,89.78613530592338
21.40282156916826,24.84396830831218,55.7920191135954,99.52687826206052,84.22326405727594
51.7994572029856,38.03558435558132,4.2664417246228385,97.7378289581326,91.87917811751903
48.60365373652594,82.55369451233173,62.81456412955217,51.28041940966851,52.528024566194695
48.124512676918606,0.6312436850212322,5.974127593153322,61.577211595898916,37.08412439852715
77.49316016137887,36.90792284781407,36.004253054457536,78.41053879381698,74.22508549262186
27.891309509915065,87.59523348891722,17.39849028691828,39.31572063124848,5.538280138997543
88.96937347547194,2.687184379087537,88.95023948982576,6.665638274848118,26.674928283346112
91.34527347564638,98.64648773611736,74.0928357068662,86.51740117675836,68.1716058819317
16.871673173253253,4.703853090450272,31.58812856674327,10.554126720480706,99.68449721938079
37.466198140173375,29.62708010778411,6.762445472050393,73.60913713121306,96.96903461545787
41.15912485022989,18.284704865649548,79.1026967181686,41.98016870986703,42.13645118563507
4.5727189442340554,85.35466810014863,75.80244705789835,12.055913661702089,72.93228069499678
68.64096312493201,67.79058271234365,23.74601636626027,3.8036989634996354,69.38688507547818
33.81960896081334,35.01262219582888,11.462177404606111,16.40205730970502,94.45407905321397
53.39518143643929,45.687759386490846,2.0648815366883233,93.48429744555192,82.57416030004555
42.769627966805665,95.50324024709332,92.15333614612732,89.87196917363448,32.816446580641646
68.09569284706666,31.060268856975824,99.62344208396475,30.725265501612732,88.7564705138967
66.139667137457,16.75781984946435,1.2310011373026453,69.3079086727555,40.07082907133166
65.46028219387829,29.39674137514885,48.60990455541441,16.021565576352216,6.4049801056452305
49.452460979234694,72.81283989351567,73.7293124305547,44.5342472924988,48.9358423991492
61.19396080267764,39.2339442920879,40.56640334845382,14.18370762097403,26.39881428948798
49.86614737066326,15.769256111101647,63.98772074610349,11.281764820304673,12.228308311401314
16.232164590528253,83.25543980433511,59.02591665990039,63.21557034059621,44.73770918281528
7.10145808806526,56.40726048063473,35.862327932844174,94.92729354538922,42.587292842631875
34.71719789943012,93.99371123687868,67.50411959426727,3.409295656171385,38.526398917184224
77.39685855970865,64.05130776882395,95.42353606840457,34.82062963066438,85.66383296072479
68.28360231588616,66.61553191815169,70.07207593072255,25.91020782703509,80.810612708573
87.88137940747323,87.1308763650844,50.54596318357051,90.20687269997593,37.02636527897628
29.44736623116909,91.1453091214169,26.87660659897364,39.014076772239946,31.323118559772713
61.470562608290216,64.0614870497189,81.83515937112254,21.67906617091353,4.844217676402085
73.70370611755651,48.10619298297627,6.302964718098414,25.241724062422254,49.44196764739892
37.930710346740725,15.091066138313526,9.189362231603893,70.89269941981627,54.73315879861411
91.13949484183695,69.1442773607357,62.25487747513344,24.786021499273623,25.100127599414424
61.81284229781691,30.97945977897374,47.99388613409028,12.177082418547702,56.72682982319787
61.347442470429506,35.463118246145086,94.69748624887592,64.04124324251734,56.03237376412425
59.672619492852675,97.47473911562089,14.46964023853824,65.32523283552516,90.14213159301056
74.33750856850861,60.2335563634815,47.709615367416845,58.152755336256575,50.15821852490112
90.81714232222159,50.01422735929255,23.763532113150454,45.088572211217446,46.16136132399756
1.9244752696712775,96.30415455706452,20.571201676131334,35.62850855925688,76.12664373766292
95.9491844282495,58.47606097833089,67.03218170696792,89.61448079177005,27.06175678461421
85.09052840810787,96.27907075929141,60.51061354572638,85.75390594949856,27.675830067284945
87.94639310268046,15.195803419504884,52.79373313024127,2.536229549663438,74.23280347709965
48.19393111632917,7.812423241990585,25.373539829506853,35.05752658746779,52.324889390081765
10.893706981622863,68.91998638923617,89.39881308252984,16.753175971543243,21.94097767599188
17.83704703956279,60.822167365950605,45.56958209256629,84.37226349137853,7.536760246661323
41.17357089476148,83.83576855337576,0.38290108122248645,23.84583663462838,88.92206648468087
6.25841387853815,11.152882036703794,19.035442591446415,2.8342767078080255,47.15746450059051
56.72997869750183,46.85880930765958,34.91554047359002,20.367709355687424,93.87961273379389
33.69156863190956,36.468456873041255,3.585827080238646,3.7378140507401514,49.99035762416768
11.187576171104752,44.40354191827593,38.30036376094049,17.737749449822083,21.183882520388565
41.95300669545294,63.11116596348108,88.09057052628344,85.17552908992613,53.37939184976369
42.80395286205868,0.8104492043437883,97.24358278539997,86.79112044873403,29.50854183985768
44.60001543699611,12.815029379057696,0.17704989046991582,23.658754385997227,34.89623528105057
13.415747961223612,83.38215074645281,54.36672727266713,45.417794227109574,90.18107973169124
48.72444945336253,30.977296226143412,87.87292209464587,45.27835275078716,78.71811181168336
14.296553752480934,31.401361007433593,55.56937444841156,37.248282566418226,89.37415475738041
30.18270938236485,79.45729027288219,40.48620633309792,11.125542777308507,19.161154325712392
88.62233822563213,90.65517837623898,38.52530586730269,17.847232894222632,50.98327417284067
97.34666132106311,92.36688202141039,47.24005575221116,16.275999243148654,93.58823572584802
26.426532225869238,39.93064298128286,63.6971956981856,12.54450294243421,41.76990864836222
4.0501978752147005,89.28451357277675,61.563112423369724,17.860413312190925,79.22538360796632
96.02998584025059,81.3342258903742,41.72266235289604,9.45637527516433,8.504727994334216
74.4020332787148,39.798262404590865,93.68634061840365,65.75442100149618,89.20363498508996
69.00772407132996,60.3419140087525,41.1096692680964,21.563421075443777,32.908739369886064
90.22794978507227,94.1170030509886,6.974415466941785,30.25850886120949,36.404062844807214
38.454573592093645,89.16569373592856,94.90889415351494,84.34462793071961,18.012170813801198
85.86687445608761,37.183210179976214,73.6780870128677,7.099175456906481,26.182703620433568
59.38131844227382,2.565126239215343,53.78869344391678,91.35113152777011,55.95596391839869
26.342841188795695,24.5327797365279,13.876660855804701,99.24205052303756,54.860860358133834
76.69240191967832,90.76979430995871,74.47177095707647,15.598257499290835,35.66736187860117
26.23204766293278,4.3923550403198615,52.96652248387551,4.893632045115471,90.46044382898192
53.63863101030456,14.88292776950988,65.22746408289916,35.7741051365311,97.22038807880966
17.81342426885987,22.131753102746,46.272545643843856,91.42743752089314,63.79057367581673
80.34914523810906,4.386492589039559,30.018347987359494,1.473220988722801,97.78595874043711
33.48243558183482,3.0078224359656125,20.70541308573437,29.159962110152303,67.55609558260748
42.33188065931933,98.2387728984051,59.15274580886385,1.6329229314749338,92.73863351330733
68.07584061873175,74.53916456867785,77.40580472903545,38.55115509131281,80.22498721628814
57.47349952025741,55.221639306775494,94.45018705467577,78.72943925815774,98.9175012650596
55.66472876564765,29.511951460464513,54.296093972056724,87.4986553991717,56.00927221400609
52.92775018017024,83.80073769509784,78.74031499559607,98.13485963224325,93.6105779376777
21.237292869652947,94.94364311974385,64.40510345763654,97.92708194363688,21.727313123728255
47.11059552554778,45.470834837106075,80.42233741575619,29.65828292280863,70.89896795183566
67.81362600293043,10.155722411305334,59.672339845468294,58.23025297477783,90.7597188363078
43.75281450781594,4.083222031604727,19.17186450675349,73.92401155446593,81.60931157730444
36.31397403742921,5.307921418718919,9.822741956156488,20.87940667376441,14.595426718361292
9.51673512148562,81.39228343293541,41.973639695205044,26.69252688140714,34.62446897019787
68.27177625724488,30.636801527903877,19.347772057286818,89.63751562546719,63.95212615712676
41.487453784190144,81.22762141688298,47.567053102323456,45.2128232778213,97.47532682307197
79.61560480051615,77.4721173015092,81.08091086483519,40.281768563522824,76.50584388663566
28.24448360271885,48.407446042263125,28.94807622119592,27.555717686626522,84.66967361967828
95.1401996858871,69.10471156805384,5.264088973311509,4.186902414684123,61.591114223559096
16.533859090819504,31.41556435060665,77.66810490703827,48.58733214920131,0.0051998403352016
41.69776298881334,22.482615671826032,14.146780645898238,35.90387851471809,45.05355905890155
43.884240899295094,53.63913679907015,18.860951542873515,1.17866542679268,91.50921509644367
73.27285156892336,52.867109731008,3.9428145537793835,79.46392165261545,25.242484303591127
28.76596401059601,75.60358704733167,20.025758238841206,64.80702431800232,85.38569698146841
27.413959633531427,85.69771330255064,84.87932713250032,35.75749136282129,96.89670567545078
17.784622327880363,64.73579101883689,15.3233406143082,15.298350436551022,12.884486699201236
8.31030062431769,19.796119868458383,17.401350518936976,3.2337576188843586,39.85136636337601
83.43668968888667,76.17628140558013,75.65336745931738,59.07461016461393,29.457307555538105
94.73593199111284,69.19544702744098,15.95201074510656,57.552848247931344,58.05924785410246
79.41055194965102,68.21973002302701,93.17041108391282,97.09083210078464,79.35071551997574
70.62717615809532,62.162911959039235,75.00280768147003,2.7647383963083527,20.96969617514035
68.86252041431786,44.5501886097285,23.68269370880328,60.16833372688538,54.961557728638944
81.63183882554632,13.732398925102341,94.74786169584937,95.09519545305946,3.423854184914099
19.931540329414098,89.91577560288644,43.64270611283815,0.0403438675432688,85.16132225575215
37.46897337484333,25.752912051100317,4.531995847577219,6.002441411641424,58.67339601961676
91.50459589176272,47.25229909535474,10.702195726286078,37.07050601387264,2.8372920426830373
95.16221008288649,54.47304917719998,81.30424776356833,46.33556483027345,92.97644639697103
7.782685946562062,76.87322177112137,51.94811939749182,11.534427206554753,24.87163481275999
60.7715022294938,93.67220709096642,70.7201006267107,44.8331089571136,33.26420156569698
69.25562238814541,75.7433275433425,51.05560616309508,42.30269924371323,67.12153983908536
45.70592330670606,27.189556332815034,0.09412941663521357,35.027931018009504,65.30558095454396
61.819704399839615,53.040409079121666,43.38773854509773,76.03785075041478,48.08768270301152
32.44241268315906,16.490318097595768,39.53761216964523,80.96399882563497,14.37605652062256
82.45875721068062,34.75576146715492,62.73859520308442,74.25568093186001,90.05472406274257
39.50953389403706,17.48550340072167,73.9386217244172,1.9991862009040795,35.91958503077063
78.38316517335284,85.12840023769311,87.20089845722228,46.02270946381608,48.55464500047297
18.142290905487613,24.866804141960486,74.53627748709987,21.502746285352124,67.62689251500036
0.9953989204634972,89.42067643576712,63.73708170992406,48.31550424542176,59.85424437338598
9.627595059311467,39.232122830652315,17.168185476327423,38.37706872329416,3.7741632446033124
28.569199495025032,20.78634790377707,80.34115266887329,87.31036882192569,4.027922518540905
3.13329950093435,82.76963107550755,49.58869499627473,29.005982854877665,15.898005813946348
39.96051399930798,8.384374579289066,39.09916196017513,81.59874767379108,75.93506808493603
51.58545414203372,61.8389580731072,53.8839502466215,79.99047578912003,34.48382217378797
71.60510140167126,8.025663768200852,20.99326632116102,53.03695949160642,54.94999162228208
82.48286822984345,41.582781199231846,11.102758862555905,37.788255713102316,34.78766559726908
30.934296861010814,63.72228645603284,56.246402426098015,70.16205367287746,4.065446095026504
9.739901454930655,5.223283937964318,14.128652752372883,66.19139749579195,9.781374503539608
64.08566974512927,62.48723810522073,36.58442179286039,78.64203630204575,87.13385693206024
87.14059059273971,52.34568368602817,77.65147611107099,54.663596013800905,90.28685726534704
63.154347763961006,28.48771634465991,32.65271081941591,42.915587799728584,62.82465424624918
23.226112283359225,76.9430686281657,39.45289533902857,23.25012301760301,60.1094347149726
73.30956610207605,19.521529617137524,14.78246386687464,46.28625438199023,64.60517548920734
25.711052389409204,94.19485122483532,75.25869950491357,85.39907874767499,76.69157266422228
13.4984787950006,34.46540427885082,74.90750932234663,67.07887647506222,40.96111392824804
97.0656014498607,63.01872046475263,8.522147178955342,82.6013374883501,5.396267188887416
37.43657025454272,67.21787794769034,29.321022953560195,55.679490922668904,36.684950683077325
90.98201136949213,94.19090406269677,98.70885749641907,41.93125707223132,71.38429191528681
13.742006790452754,10.838928206425368,95.47382974630348,22.97853003342256,62.97880891700651
31.37042794476359,63.63983372159831,23.78337169939111,67.39437645117941,22.25909645056555
77.82586251975668,24.894195788769856,51.49988072365153,92.28210475264505,75.00580747571512
10.463541156818001,8.453342105981354,4.923834745093137,20.912722971037557,38.940867321076176
50.712080629458015,90.90918372516064,36.50677012814344,72.2765816641324,88.74432820471087
12.701142743346205,4.5158849379024595,60.59057189345602,17.65831906762374,10.498945221684053
44.83941885501459,94.21098612572612,91.06266735613015,59.324551339753185,60.11558127950811
10.189202598091207,45.569447450748214,33.187327347221796,43.99708487978254,38.55528525199309
12.122855160161873,49.254256362603286,79.54442595486863,36.91480299735454,70.32394925590295
31.591049186737852,62.9706997930732,48.21020050775907,3.5619792562838093,10.380338657194944
74.7328008474094,5.493892726249139,95.6559757813798,37.29410211639757,39.0079441929998
94.44808899170548,49.33815844000993,16.48898999770826,47.329831080977314,50.07407863805059
83.21199378110434,73.3526345627762,84.91954150149373,52.08073883529594,44.3580820275008
1.1836697602157553,59.561673171427664,61.32896491357087,64.80451190349882,29.03507835213659
19.867975124703406,92.87420902860606,48.78779760729718,61.06182959041031,93.72539017197937
99.03647491984175,88.97077641467818,92.11990639721301,57.301922875316876,86.7612765512973
32.46894916112461,66.45571387094074,3.809032643159105,76.96991873025728,3.0254620403883603
68.49123083795358,78.4895951516187,29.32933846636654,5.148425591802763,39.848700502071765
29.946005718502732,23.878654057542647,55.85612839190339,28.32271857813965,89.48357193258549
82.15297365605493,42.572872072346804,68.47442323479382,57.67249652527221,6.40569356862013
57.126359742650024,22.431518940306393,50.791264226572274,81.34911965272148,40.85087724689448
30.895792082741124,69.56697100359828,0.21171482817103904,80.09929129764822,73.19554657194229
46.43014381086304,55.110881967111034,18.335816669170146,79.72694603907739,56.58135101303296
62.606332757227136,29.992687632358127,23.81531247365588,22.95115503482521,11.7213977206852
85.67956405348085,65.56510602442751,87.56031571779859,0.24710774411965675,38.88490332131038
87.6418072600741,53.53283097688409,0.458179397424463,99.9458528858567,45.68941820527533
67.37349112804117,98.90934061537389,14.92602768342055,96.4163593040388,89.29026540566483
9.782326131428077,67.40700583779333,13.734976463358928,69.84668899095504,85.56495271391563
11.293252705254353,34.61983089140619,30.770888830499345,3.159859344575111,40.78012613568788
75.73266079489945,48.2061954558191,24.025133786725338,3.5956439281179753,76.16410281088967
13.705432875715463,11.324284863364454,40.9067371361033,41.879335613032666,35.62301682272467
86.53979966916252,70.8145297939498,78.33097593352868,51.3708152981482,73.88701957075554
30.03460752967969,16.955024877274973,77.62856203990644,21.360780827013905,25.054276285493515
85.07592139069445,92.57634577101415,52.62235656401769,94.7973152596254,69.0575108961069
91.06702901568251,97.82690129726186,20.47706100118284,77.58895498142977,92.35595389590232
85.17763806000981,96.25556699237163,8.384805959397756,91.21507236485127,99.64937450924045
5.834881952928283,81.17865331273057,89.27935143253943,66.33093250099208,50.41414157934564
26.02010510799002,19.456124878417057,77.74694253920104,93.50133639055261,33.649082314811196
10.980427148711358,70.12563563450722,12.848072505646535,88.19540454535102,40.92839696300702
56.87199578033588,57.28660820416673,28.740102139976685,54.81235249445695,0.7107215551387824
96.41048333507672,21.66889443939539,92.04815485933635,13.516230828083486,47.48830437115844
89.40560676576787,42.89128472047844,10.177709091891918,2.695205746882412,2.8133744610254974
50.14508682451786,18.092052382596446,20.925187076283848,56.49531196111707,71.68589044949037
35.05419415655345,34.16358543812292,78.03383517272529,44.87192161163964,44.055152471222506
19.6383367445084,18.21129391612949,67.22237167592202,78.34664638566244,79.16867451866298
48.84525001126844,34.903864091829185,32.85352875178308,48.2374875524004,92.87434725589964
63.14939869466743,40.70494015977877,84.24815056395492,83.59355510295175,84.62161247518983
69.64165898030159,80.89832417884523,82.25761792289093,89.20382966986547,28.7526648859317
16.2734488077095,10.20709493429428,66.73364989393703,8.333259345341137,5.017100171789856
11.00308870883796,46.952666499832944,47.57844676179332,63.763486010432544,27.675201605314527
35.32622912490321,11.750150146839156,4.540970304141856,67.57401582013077,87.16672684694583
89.05208859562283,8.20241695104935,69.47339536196583,4.7330441324798915,57.928223731000486
33.6954143687298,64.19704138007849,81.04351144928329,71.34564326258814,57.17746898045347
12.440946395687147,64.60423094107351,70.78539410217893,23.53184006650143,0.01435107323802809
85.6720937771351,1.116037807350101,90.64804244411518,78.68258922814739,72.94128839698347
15.620131319898656,59.83230684409848,65.06240061329132,84.80076352157889,60.20037845171251
67.32586248662366,93.22712925080239,84.43448756973024,31.725566020308726,25.093517614101636
14.262036720461225,30.57454639876679,87.3272700984342,50.55569511763598,36.30392330941389
27.366826990360604,60.51490779972624,74.37695343427438,97.88653271276682,69.14050513213152
84.51446720962224,29.68283249275151,28.550210210213343,41.07052510570318,37.72019835471273
97.47337199721801,27.91779412669341,91.09289469990765,71.94190052764006,70.30373886358109
37.52754252900835,76.85817852819017,23.623045636461313,88.63748604025953,63.92708148343041
80.11077766223431,59.98933586538349,31.8456053906908,60.32188101352224,56.089400382484264
74.3416418856703,11.807920073688006,97.35672926986503,80.57854023720299,28.70190727832822
6.634968379272221,66.52584777010271,69.84342146983874,22.148441794621366,31.670285421880973
52.06591486264143,25.271945721913834,78.07762053616901,59.663166349671336,79.79283921232141
4.220808974603473,5.441024345387435,78.72796859479865,47.7853600598421,8.476001418099466
44.90128521538044,28.629502613301305,16.248579817436447,70.06064127575642,16.350843996444965
71.60375115013653,77.75928237255158,32.02946913002208,99.84447754625269,85.77200743490852
60.19590607009751,53.04702213704563,9.053115572475578,9.309215589477892,2.1205986452974668
54.09975975886926,16.70285131893977,71.34658641319393,35.65067561221413,68.45157716459039
71.81316541393808,71.42700477247182,58.698560815059274,32.05640540811723,75.1394096333213
77.70015974359748,7.976612578332309,35.774623168872324,97.79596596382663,97.2467520451869
68.21756243234046,61.27724247405162,21.444296464148206,18.65780616356526,46.23951697609392
28.1559722227523,87.25128497271628,22.74393248358776,10.79590294370838,92.08358070612223
35.42774162710233,93.78903972862861,90.72306661341682,55.52292757795728,55.97054719166069
0.19599326562348418,70.60804463125066,24.469038225924322,90.22972123438612,43.608331634903344
26.42621879342698,36.701560972232194,42.595932827801505,96.19687279698212,91.83915295800197
93.88083482529302,11.717906925977806,83.01369630595315,90.84415784248172,1.0625503063145247
43.50712708308016,19.65135431706483,74.31172766097075,52.792158924336206,73.90799982266607
42.50593355176579,98.70400101125334,84.01597814568869,55.20409357756181,92.15742606730008
67.80302305064549,41.67272602165535,30.531510600328215,71.36189959179464,64.02920321150152
22.27400581878286,59.143736736972194,35.49463402839322,57.46746987072521,59.6880856110918
39.33889318445619,22.122848367153736,50.28681126402725,50.1652189909214,76.56219486208511
78.97360798100377,45.73143317711947,86.49912146163457,72.19735195343267,53.95101738139052
89.4180887610074,15.983201612436426,86.84364009985224,31.892247022438557,79.57204303240643
71.95589789017927,83.65804629877218,14.217453905568068,49.074896437672244,21.246483694269525
35.26583619397373,62.557584160642406,28.176382131425925,15.785767749553514,93.56764559848446
24.6541513286066,27.69447365277187,45.947238489912436,12.962527232286147,36.0987479843393
0.5934717793005695,99.35291287331043,96.1573294149699,90.044117324569,48.54258423681169
67.67837282302946,62.50922499958368,34.73063362235065,61.81899029782637,7.2360991287953365
66.43053887041377,23.59585279014157,3.2091854297932265,98.87159392586663,89.90950438355824
25.71181216336077,81.10655733047632,30.10364392216278,96.51655127670274,69.58816251452251
70.29454583864086,13.739763190032129,32.901693382775264,70.76499603920637,85.53658543971417
97.82535288200609,73.73806312846857,95.3282996608763,57.47193534865731,94.48108620133081
22.078428611524338,3.1042607934936517,18.106093033385683,36.11609962595407,2.719316715801756
18.0834047213576,61.95330421439223,33.29893777938295,62.19234999923391,49.275137930545874
42.22025244954924,65.45769059892787,52.62864980237849,44.82749288173042,14.063973524829477
52.105608627799974,47.56516823030985,10.709664764783433,97.30737986723736,72.55936172420691
12.9656748530378,7.636513963043512,25.09737296045962,75.92582995893191,96.39601310593808
93.77247074992624,39.51575340226715,84.59773868618355,35.31130973809231,56.51353241485377
88.21564546442181,67.83054350535065,10.260110707583426,83.45826853102344,30.25020024120818
0.9490418341858042,80.63566420110216,13.202727552709693,12.356661652819268,3.0518852253311635
29.820151870457767,97.96721313663062,80.22738809034855,73.97421184937616,49.16715857382439
32.056515186716204,47.899341468159385,21.772764388524923,19.792761431957683,59.073561867763246
87.61748792604278,4.724939566097608,27.040894389060576,64.59383338068531,82.0102416326389
34.41041917244316,21.295552830186192,18.041254395816196,45.07968364222553,21.473889761613364
63.635474302323125,59.667855136135394,68.8598745835762,39.428197699085885,88.54232697516446
77.84514787155312,13.387731562435912,63.26161281044577,87.08289521938694,63.232989578396456
84.29145017411635,71.064934466393,82.83785298045329,3.916313299566765,53.85571927239269
4.961674209462419,32.368270215983586,79.53706824310723,54.141283629221185,0.34505480572362135
68.42501923538076,97.27481858194903,2.3246137035455083,58.96996875103003,93.05843114287072
63.4498002405703,50.006500698502,59.915497883776055,86.29650315638725,91.5069920610123
23.742285388863483,6.977653844826293,3.049600911117467,23.9894699976235,29.656723278492958
70.89707408958922,40.26356939620624,24.217003794493497,3.906436760777443,33.552089541306195
1.8455870717942746,55.00986182096395,32.38703331036362,90.8791537421202,31.6143363698819
97.03447872678571,48.56192645222121,26.033468932052195,56.24816529469784,95.42213070320659
60.89141710526157,48.87108460058378,13.506495288762233,17.82817647980297,16.35218131544105
96.70976656180844,76.92974389395329,96.1274225283183,93.1863936638088,10.668638992850731
12.616548263769566,31.70319865150183,29.64283815751586,7.574877856556517,81.48525839536049
22.380599080378182,38.05627437640895,58.76155478891538,92.31776614332725,80.32358297455767
66.14319646708886,67.75764731828332,55.190829060527555,83.78758538896986,89.31864883861967
2.975865084267282,1.8505927554327672,62.99495205206895,4.858720683232498,9.281650486911486
55.011724362973425,47.992770971351476,6.929356372891582,63.76140481694355,83.69100838655469
74.63571793876238,48.77444695804149,99.69591333073838,26.414193058645154,63.93615288939295
37.17009658267798,84.97476061736982,52.2436425671294,83.10062578344906,33.37221266483662
0.8575730684609262,30.596695218579086,1.9930193928681672,64.40374122200343,19.893011876247545
19.347259075226408,45.793678794361995,60.94429015682441,53.60097765577012,74.3131588610042
84.83126649357993,22.640342132318768,8.805388613510834,9.537611788311617,46.54238590149272
41.83030483482334,94.88610680482856,1.3791903326381916,77.40683975797309,45.52276731135411
93.50010474382862,84.78726571430254,58.555215763719474,68.0661156704044,66.6039296319456
98.78381415054763,47.31077920856913,68.8500667384442,14.894677700921278,80.52481612630056
16.60857988102009,92.58158644912264,0.9840595114639306,42.422039446236795,85.72813919211968
35.071312578964395,83.48760989101002,35.55817793124484,70.48264522268337,97.7464129504815
41.56844059482005,57.89264689429663,68.20752573262152,98.73777106762739,68.85634884871874
30.733352348949005,35.02587922620163,46.35404404278375,61.67463805323209,61.403106611279945
29.187443351221543,93.41786315688155,2.977358611282821,44.23782252023638,83.10296144935401
51.965789426838725,46.58488631092702,32.182429820227476,64.57728155483406,46.49390998748048
38.55789048315552,98.19950111629433,87.63221910604976,73.78492448640844,81.5454005350516
67.67730248152643,96.45427744276304,14.75413950999095,14.852400292603818,86.2541175949009
91.28379684631409,37.21540182296075,41.172638096051,81.81566914787804,37.63580796930475
99.44638443680532,27.035056644108302,68.88688824158808,77.18146181231386,47.024147300083015
65.34153763431291,15.918962235135215,0.1264999474814399,69.42598740503675,53.452606623402744
92.35984366090312,43.09098834911714,51.99634119460336,64.63793227270794,32.041939362296176
36.97342399220397,18.418014704904685,52.41972403381994,82.83656587440207,7.031539491591243
22.760888479926255,88.96556927647089,62.63491263890961,61.79510764070872,20.1622502241799
26.405608653942124,58.70636082811733,85.10143650515923,66.93681129318027,71.81543308471309
29.657732250543113,51.72360163077552,78.25892399818356,36.26390905877672,22.444342617175028
69.3448509547098,6.085304872914465,63.98312027845521,1.252403274312508,15.532393027171176
51.60998631793796,14.373789048420038,21.92020473261952,84.36588675656844,14.041794148945241
41.87316706001831,61.12033313707056,7.215547457555349,4.942133456163578,95.38298433513592
62.65999348235106,85.03935110965412,30.716607273343442,39.91315588187179,15.00695894874915
23.163869703581064,2.5963347100399825,22.886157139617335,13.291265048540035,41.48364030719268
96.20754085764402,94.9892562953686,89.92302217087236,69.38665512797262,71.9050210730554
10.153255975603093,84.14008210556226,24.65247552243146,15.163849657210871,62.97076971671416
54.62086993325745,4.162646081977394,37.997124894089765,23.111260648919906,82.75207567426754
45.02116936110367,31.407162218009788,8.762427056899613,6.338419016743324,19.201325226595312
24.562156738131268,92.0450098896734,36.312327590484884,0.3096893884601215,19.989627216554375
0.8584903059921212,91.54399625784309,99.25828254083707,39.12053440635221,74.92531954244585
58.269311601916016,93.62544018680748,18.731936525066594,11.480193044049047,70.68775824455368
27.195080088284296,32.41473819940934,96.4591401583514,79.82616786220417,23.533617721787113
28.465538622513144,28.978923686924098,71.71790058445188,71.34555739869282,23.508324859029738
36.504676847193096,91.06723136068815,89.88056009134108,6.652021016645926,80.06454956737635
30.793500176843626,12.029957139948856,35.972096527179446,25.091753835057595,3.5856645526023967
49.53248942117728,98.00539219883734,27.172514912272316,30.425528744188533,43.749407587196465
23.54536818825426,39.022826279443215,81.41458905322976,86.2424467941357,95.97726547085693
63.48653548685683,53.71820738225366,63.137051883925324,14.118383312706406,21.197984594914864
33.160073886686995,7.637102705600062,69.159649783178,51.50180168194895,8.319833999291692
7.63545948846126,3.42078373934811,15.034328896786676,95.30178838935372,74.63933713796816
68.86863929010839,53.62506797589155,27.492290316207267,73.58968701130509,98.23238945465089
87.5877592258561,37.79211842580851,43.34915286663272,38.15736057650627,64.2302038845349
13.849259591219564,54.198624505374596,99.07885901418439,0.7127294768754511,56.58329202083553
3.9658712028984855,17.06303497184506,72.19558660561958,97.59793694683952,83.67799369445976
32.30509859769112,29.867094176764464,55.08930348871802,2.984819813338313,49.31653805484495
65.96635623090985,19.80792422953681,27.36685904124957,84.69925921805567,81.64063883442007
45.57971337114676,63.418479759865974,70.60778279985858,51.18087257857846,64.12890700417859
98.4089092842727,10.59660292669956,12.63998372710754,3.266134826510203,90.02915969568262
62.566235689086206,28.000709995620632,53.76676702025883,19.571192361477085,34.4913150845731
61.2887826728649,83.1411992337478,49.91236797725708,75.66183245640735,67.28751968260855
34.107460940958745,11.26729241939115,53.21253576174573,49.89522097910501,66.33661635979405
42.22635983120142,16.68865696724057,41.8594906353881,15.954848124278787,7.752239510994519
50.12614971069268,33.666833824014894,25.198777315624078,35.73880711401405,40.17253273000196
21.859158930764167,90.42932624372924,89.55804300126418,47.148960563426016,9.293792907896892
17.181432827285402,21.578992285297605,72.34087795234542,19.270256325178302,11.496176040867
50.818426603248845,70.00229398564457,71.39539193374326,88.94926621529669,79.29491071850742
78.82914709875641,34.84223016963149,67.90065778673502,66.20386253663537,90.88956790423745
25.591212587660593,82.3863175165976,88.46956759937243,24.671818568963,31.824320419906403
76.79471707061317,43.60515895525984,52.98514320494917,40.14441866504567,39.983260553041035
33.01788685845216,34.85662503985692,13.881389113993126,61.30896872359218,0.7483830331276642
19.387572857711397,32.70729481287922,7.545817471082139,55.96494094204473,84.0760927918762
60.86909371387633,67.91905614781459,9.396882133578144,4.621160206549247,14.386277164682305
57.61771476882953,18.255501935412678,64.68503302733745,94.3640731004023,47.64406339631565
28.778320688771064,75.88779922690323,79.03848827352691,2.3230643481485735,69.18997429591263
54.77468075111748,33.44162590376818,87.09629208306553,97.02004187992902,65.13873918159726
21.627544334119953,75.26101029387716,97.03438149662085,20.283411817374564,17.44109622624809
69.01162649368264,34.44132178728307,17.496369834628556,79.01501800391554,81.54868081557362
8.91240112258852,31.953892304425935,6.051498326168381,26.770333288133386,39.44249471749214
30.171476867097237,80.92078506609285,82.59268782620791,11.092025225299606,91.04683550243202
52.67233053441272,17.058645613679303,54.30245186856739,72.00032673420003,33.39390642004042
59.6331819172229,24.889004736065935,34.48131213581422,50.93710239458906,55.101739826315146
52.59550694575685,87.07642934187476,20.714228922146837,10.314609980677503,58.47980287956126
17.84733717134046,82.73254864686646,47.226755789607786,66.63877746556257,1.9659566849105081
7.032947025822656,59.42630320908175,68.04548406516528,55.39764830786924,26.33354500902595
32.917170549323984,48.145102121132986,11.08450429389427,88.90949372616522,61.233198969222954
18.943682694741458,27.034761953204423,23.10234067622271,81.45708320878813,5.728212386249254
51.39607014816748,39.054863998099165,6.897814368329169,46.91126733051221,19.01994153735972
21.26437151255557,70.15866102541047,59.01115084795362,47.83094574022275,49.1805776442184
82.38212432201303,85.56933521428796,65.72192279013458,97.40843273698788,97.21656312247801
50.63578366922001,19.016869814769912,4.035845235771063,59.17680004523878,59.365286965511544
94.92155541235498,89.31253437127114,37.15827362667529,58.65976976409427,51.26918378152266
21.770901955262932,82.82661514651343,44.90312762313743,29.2627625827128,19.62956778654743
29.139013159167583,20.90453591963208,74.62741719695317,3.2743315266110073,79.9316618591337
2.4919589364220007,43.36550139755101,23.746567393921747,9.977800957292725,17.330762853664496
0.9791674587348975,69.90717788223664,25.686656387484806,30.18712948211878,32.49252680276459
8.265595163019002,45.3415333414006,22.278785240897935,88.77262915740026,4.835219478517838
34.38653953982927,87.43199665321495,99.92030317431178,73.18223497424266,9.825099531899884
34.75652313196961,74.77867332426584,49.50488322521402,48.38322325303947,83.73896899123676
47.70794478249623,69.94389961729978,54.19647226676992,57.03626947877449,74.27950582424849
49.846140714524864,87.49737358268426,33.00348474740884,66.5633286688538,87.81647810664526
52.963414558692804,66.6549699556431,19.619520564885217,43.968708882598676,90.75827474701936
62.920023756894395,21.95190837170349,54.232277341898204,99.8302442313743,7.884716173031658
98.67299415196112,56.7407173907805,7.684786289818179,24.8806460037722,63.82461514091119
82.08918524678086,87.71744342091779,23.49883439601348,78.02965343326065,38.18848949600353
40.41217235870794,66.58336931556713,32.247063167011234,83.16830850847181,3.5193106098451166
27.719444477052523,79.10485919662969,49.35294679002684,29.84059776294865,56.96467123082518
11.748483584353075,1.3695548083244802,76.18512105223137,98.50305999923815,90.80563757510436
3.0432119075663455,74.21977235514045,32.21227399238138,79.56640991008933,37.242980304451045
49.51688110787909,44.226451303436455,88.1789455837465,30.525721260531512,34.11533231702409
99.00211515433143,85.94988236319355,87.87257231068418,30.48851680804373,37.735661154916855
75.1565996796504,41.356259831054686,8.924459251533944,97.65412727803877,59.653530445693804
0.23397996169370883,31.92834069764978,15.62741247036189,70.03337697941588,74.66311607712073
69.47588477024443,17.77046729080427,24.090516848674714,11.043301590974197,81.32781992463534
15.255553009262535,67.80840836623676,44.141110213613935,59.364874408135925,53.27670378553581
75.51838550543644,4.123103413841478,56.48226040809359,87.55659498943923,10.264670615018412
16.23569061612863,0.5470697003077896,86.65865540694976,70.8943441152932,46.57938963545377
12.3066191811951,19.321274923931618,91.9681478901632,66.41310070006301,98.97302460564454
18.631158126705426,22.087596943396804,86.88953765116317,98.94332954649272,42.20515673050882
52.22954310453972,83.01105565907189,8.311686736973101,40.0720134204241,24.638569994967575
45.49489087403597,98.94827922207186,42.6149719746408,5.360413893943161,40.21164571695528
22.28403908276555,85.15210939430075,70.10498642182841,32.428040965094596,38.12230410154549
37.09864656586657,70.81332059715739,63.7806632533502,87.44146401767712,16.351833619614087
66.07409300937186,87.33875223998604,69.3932174300778,64.11555957311862,20.288341950643318
98.1516234135968,22.487874469995116,1.6015708990635869,57.0831763963228,69.74770791354999
54.38982773569416,28.071567682721255,40.454977182988884,94.97829369796737,64.18937725833972
27.50658276719915,96.46673666598613,3.0156135880222035,21.16700879042711,80.20395839359618
31.147239169243623,1.4218580934020841,41.82229191541569,90.58352184998232,38.8121034245306
50.956392189730316,21.578164010296863,28.8750968444772,92.31889742457146,8.72753472621336
39.72337121869652,61.70883501574799,45.76795119075406,17.93249184381175,75.72842461437949
4.47202214664304,2.420548853831994,50.402469218024294,20.07268642285962,40.39105714562407
14.469752347581444,26.269198966477557,35.293186910257454,92.97540531777689,34.11841827990686
74.98572772630374,73.68624377230178,0.09256296888876525,73.06940745448132,48.467855874171526
64.46789901788544,93.01108600076041,71.52474281167827,89.5720420744075,13.438782927019698
2.3669753023177864,93.1738113387688,13.31854368897103,62.918781652970615,76.49868772145689
56.199887651175494,1.7754536562957446,9.109683801323287,22.319414789086387,2.7607135270359517
53.021913978936155,53.441543960948565,4.47464646191007,87.74279729998433,87.3064119457475
61.75786766288135,53.88594634065955,86.95986259278409,5.6840827748707685,34.75309641091923
10.394471434607343,90.13611339672781,79.1952073719854,9.722698725382116,1.2732363850392225
64.98451686592507,67.18314732508462,15.956508827637473,47.418304792578994,36.53269853421168
85.01963514272582,79.6419391736017,39.6959810939964,60.972225483403776,60.036142638718424
43.29985737025519,86.83934101043326,86.73126590449797,38.91489637512308,10.567004147678293
64.88488369653915,57.74457544896032,31.15287065344724,90.66540088858764,66.7951522334729
58.79882404134719,74.06609285406184,48.41653263590463,86.53892945379779,69.41310963409522
96.44063547487389,23.022865652304613,52.70512872656654,49.04638351613308,5.9174184662220135
13.720081182457522,5.058292141236064,10.432583621756331,92.6475391682649,94.5805184662597
28.30894411676852,41.61861347743457,60.75874092377176,78.6096766461185,20.58563340247209
92.5499009048511,48.371559990516744,50.40364128696796,0.5324132609758836,72.99271678404466
20.060578533695196,49.69895832135468,5.1930402271335385,62.40358586838776,84.42696333936013
94.4875004519174,85.25597084406084,79.52851786836652,81.91794691477463,69.29288114017992
20.52418158952827,68.32816397927544,69.3847182023151,4.229079922941348,62.37039662417815
87.01146661868607,49.61512308730377,98.94501855977661,39.114605914733794,42.10990337957193
26.43703137451452,60.650036662699634,14.869726507170956,7.920244223391537,6.555108646871033
3.6647861318605868,73.20560022234284,35.939062058387314,37.02714532635388,76.74291427205172
92.99747726747621,30.26601559934846,2.545502616738471,67.51283305611115,11.830154778465808
25.852779198073417,28.86083771911587,26.840933633297446,52.96519696614562,77.34865982925002
55.456496811203735,48.880666410835886,51.936173757632844,45.59036385395383,88.2163001539607
21.69052169889013,6.370340363625804,1.3188846229216566,38.06037453266134,18.46475397502292
6.8527146442712965,76.62912932835735,10.430419617902121,80.42798906015499,80.42632748018809
65.3501407825054,60.29086240726242,87.88860893610013,38.31404767376528,34.35335339523373
84.56176332084165,1.8285036693322376,19.259261862140363,21.040008248621845,0.5159208889276568
75.37546887346207,90.38628157685238,34.078718573333276,62.81343275807334,86.12829041836984
33.691516898514905,19.105672947271437,99.18237433477142,51.569043626522195,84.03712985314947
62.181158483090925,6.354518326866254,79.1695836017105,65.94920892268217,42.76153139736769
57.79605852466426,18.622501875074228,9.136277788860191,15.01104119077038,5.519365591248915
67.84679718512236,60.69725322408558,32.5336975041852,34.35943056534697,36.928846483716896
70.54695980863156,88.26380152787198,78.34859048434555,31.697881015620275,2.7323387946316946
4.1508602255615035,70.54985256024425,91.62208018712741,45.46825742859977,76.57721139819128
92.83903017481825,5.342999288932637,69.54812269139109,40.404219010099574,50.63311801892595
50.047373518767266,8.383815473126488,1.1498503719592268,34.70315885636819,6.77904026351448
90.49289594706946,72.6441804009562,71.05219689100345,97.82886724669069,88.98547232493127
31.367741233922565,15.609218845392947,73.99390634437427,50.554297214895996,27.46197886634174
5.931405744518791,39.23136650305392,20.694901537343213,65.77530426695802,4.224199861192246
1.2054260415487628,58.95370419986733,48.72092390463798,92.14127101583364,62.067678324613
34.42749515458701,67.38412519761108,45.631419418437915,29.87070269442552,39.1229185461586
47.881382561638105,79.97248768516711,65.46265671729458,28.589939609439263,55.70738966025872
99.79052339138475,42.38786774821847,32.40206636916617,58.54960710235824,47.862058757865
34.562934593862025,51.36948114509524,61.83551135647337,90.77081070658811,7.398737838763136
77.07025189480731,84.40379833028354,81.3552375927302,3.606415231108062,12.137288301300996
3.8159918466779685,48.15300411505622,54.53886056624986,50.03568554860923,16.36404307427487
1.4534254105603606,8.982576444370805,51.793961506703326,85.55951126006644,60.28745767147101
50.53348783413908,48.93821425639413,92.24730264506283,88.43688008005664,62.818537732057514
43.74429879033811,60.90255839479568,52.72720345100007,32.802203323883376,83.64930314481333
53.161734875692424,4.228664038243868,67.1983691070181,3.08099927651444,22.6891013695252
17.435381800355245,66.52756367373513,59.621981716018155,68.77388032565823,24.55334897921444
56.84624022640949,37.586086312873604,82.20156317722255,84.96139291371144,70.84779254025592
27.600843689350874,10.81460556335273,5.52313055821434,54.34084205630637,91.59947431022789
37.802524330889455,60.913858214453185,11.188334660887044,15.976585241233055,47.13209214727952
77.4600068257814,11.417073179461834,14.202563129731482,65.2775642264358,53.92888156051181
30.356978007179148,22.987145333443728,25.214575750505198,28.007540006851972,53.92458321217798
0.5513293557826482,16.485852682601422,59.479772038262126,71.11349889066469,59.30568530957437
37.71691189808634,17.797621141835663,2.644600768559968,75.38345751769965,41.60490011556979
71.62814251662132,26.9092670543306,66.13779392823967,29.09106719039385,95.85453515971992
60.52949631606389,90.26548831012119,77.04600954848864,69.3948466080539,65.09169661482261
41.90852103628181,52.59978340975244,52.376680808250995,38.162397653808455,75.35314054234638
21.20223690427807,48.478975149671534,67.12660013943054,54.32728965194416,5.770179005091281
15.89598530580657,97.41984175624965,53.7041422063721,52.274252184501556,29.682451211197282
59.20151631976238,6.430130489333818,57.50756838153039,22.082733572716474,26.775984824537215
15.919402300793738,35.56508795845239,60.08526522773896,21.386334061746638,50.52153282792885
88.70324069168267,28.56568399597951,28.782200759189923,54.2763123672991,16.149124373254953
5.347942397969641,71.45269283517696,51.20362681962505,36.79556060228325,39.185561113347454
44.83054228182112,42.87521822708569,84.77314435340855,2.8044437200038463,73.25163965488096
68.59507057516426,33.72082427375563,30.952821847797786,68.29950874079508,82.63432670247037
92.27013417771998,19.65790837364999,30.726129298754568,98.86996421070927,88.3344460370779
81.92976782464774,88.66186164205396,37.547936503013915,44.05062607592228,75.06757808355162
37.68009866512554,96.54766548231312,18.342247421242817,57.96123694337829,79.5460013166855
86.92975144773615,11.581199774225093,68.03440437141492,1.3257580034275795,55.29584005030078
19.51221310391119,20.46020238266284,27.352171104104784,59.49202603335577,44.670384124356644
85.91305717022959,23.263372496066747,27.66899053055529,70.8588792604318,42.49769584367683
49.22524879561458,94.48475529548283,56.43477297298302,74.3251287320539,17.00633809489187
69.64280880908129,60.190176933931994,58.84284953432197,37.10377113047322,51.82686944853536
71.70021197624789,72.36937572159823,42.74081194117163,90.69399780403509,36.829838171572746
63.047191999368245,10.976882273361754,45.22170872020103,37.79920321575868,38.92878337538479
48.04034279280328,54.988426915658984,53.88652772547603,30.665931099321774,51.19356200864074
65.69114264506256,43.69572450995087,63.48523876732449,52.37118588157491,75.59446006681041
44.54218222807462,87.68583211909444,18.68691528615839,22.381252302754994,18.944575876514346
57.24288683057105,35.483860871429954,42.6659653470471,87.00743884907631,2.7176112771425953
5.08617592253805,88.8381118932509,79.1860527593925,28.40465529026065,52.34567463159644
13.29159733384696,55.11251738156789,57.220082835999634,95.12094355566776,38.5073053646369
81.84968077219698,86.34794609782992,37.347087656363655,42.15331074601188,79.13767204403297
86.17730654455593,15.722436054949018,70.22507251240756,48.27385058241715,60.640502490223625
30.81329197690098,43.97903595779674,75.00774062458497,93.67148057054303,30.47194376406105
18.165746839371856,72.84807017613538,42.022723810383944,36.06261144235868,17.769279116592827
38.55975511022181,13.680824089807686,87.59918753667418,92.89495221393496,62.74358550840296
99.87820227615417,41.04996763292401,47.69308345894741,11.014249030851243,79.18106926005814
41.17280304276454,9.750192052858186,99.0709449942014,63.312518661192364,19.9867985967392
2.4614177494318046,34.48383543341629,65.89686608239087,17.282085736390695,69.14137675305514
53.09681325485114,97.50623316114054,26.524771293343797,91.09087790797577,80.03004071043446
89.29892608136278,99.65944992941664,2.485182864837121,62.05039528352765,47.051266602595035
40.50970676716098,9.79417998014399,0.9012584716461158,73.3294483670671,3.2980860915719723
67.70041623132346,56.811046768488524,19.992320379269024,74.13521091990097,9.148390542722161
72.99420020822105,61.44296432630711,0.3455336322621516,76.36241551169495,59.11544397217362
23.868650718026863,61.9855522783533,28.239482846255626,75.05547262458234,47.60603798074881
15.264699780968783,61.86626748159038,15.045864885236792,23.48757162141233,29.53302447732472
38.57994786105628,47.970103106444725,29.960031651005437,42.23685041255876,5.167070618003288
44.29252818397404,56.37344271206268,27.22940272021811,46.104958479929195,21.50461930867592
52.59898112143706,38.10588317444994,13.398801480651368,5.921585598596668,48.855644322472635
7.104150277484034,19.348860868877836,87.79397067638394,57.35599119873322,87.13051620185168
18.36688680896841,11.070023734129252,94.97645929939786,3.4060858878183997,4.9260855709611135
75.9037228522383,71.06040319793861,98.50544516700907,26.806643984298262,12.319010799737395
75.71165053029601,84.16551639707453,58.646007427269744,46.72268979313684,88.3831020434808
23.170399160481846,41.05008401770013,9.783706535548298,67.89399928750838,45.34817418118403
20.522083457944994,99.08190050983788,24.084477699663122,92.65965792028112,31.032210590932095
87.21154540937357,28.19182059830341,30.009637275959,8.915949596579365,20.118732469995503
3.139780359854294,72.65082936803249,32.376006252822584,25.35551094301963,94.73455723355204
12.110448953676068,46.55416239860729,47.85432777612152,33.82811036736981,24.470881539290414
15.458752672483678,1.3152068145889317,72.42111201614874,55.09215650499817,70.556882942565
96.66680331090551,57.999912528249354,85.65543795866863,42.31842833742613,97.10749065924146
47.92113461029015,88.66704574665323,74.43043437281894,73.21826503314216,66.35614006028236
54.17986654551018,46.20237367495955,21.749823515014032,44.951233391173005,87.22290945202532
0.33176541630302037,20.396215860237422,7.0369900000329055,20.756420658946507,75.86512729744601
0.5559782117275369,16.83794249573518,77.87341171229318,57.55311286667714,40.45959929688958
2.764773646947749,96.01411985256824,64.52379852496652,64.71957158716178,11.729067001308557
67.68275852584536,24.256419783237682,40.94083898701617,65.2870857196764,69.76228587051932
26.46174592274252,76.37813124292188,99.92480786544965,9.245831773596436,22.231907676736572
14.824913794019102,91.79536721299247,65.11568270759392,56.71853748984413,27.351628112425765
1.954993423046103,19.4148651672553,57.37422664981231,75.79697799488258,73.67394938110915
16.863194817604665,78.25176526297332,8.09941930337661,96.97850882236679,42.98492648805168
72.67941790735381,64.79467127286604,19.518190472301168,14.05428653849905,24.075547571278666
14.081179806946032,66.90315666713056,45.699916782962134,85.10332024059299,54.52693913755574
37.57533513355499,54.39994363516044,52.26292124982056,27.277948322753886,35.875206370915826
15.359383561272189,32.17900666126384,74.21248174303199,2.0241311584222155,65.05857537929744
26.815539420969937,12.464608058959003,20.68923137160693,8.81047684993732,30.096567654242946
29.291255122131567,7.431840803292844,99.24652215530818,23.25271459882192,7.480965542145435
76.73415161064558,39.227492338716786,13.058348111190233,28.02440736064502,36.26493302098977
18.290130709190354,44.73686016228147,64.91275291650214,91.21634840937166,17.47187942307481
66.25055490786421,73.49625818322389,54.297636019331364,14.018076536249113,92.76657962178592
23.549154668053607,66.29629531582528,79.09640422774113,69.35873474041865,69.86862633391205
4.203707106166621,81.54320991579891,34.758973175356914,38.81085185599665,11.723669828531092
28.23018600608843,85.14473808132891,23.428060299146615,23.736795396282695,87.09951301862937
95.90523146542384,15.615441441199064,23.317375091884283,40.348936224375855,69.72336689507111
11.39367217081605,38.72258725422042,42.88537533730623,16.010607669129083,49.238814897806016
75.02354395696142,80.49407515065073,15.688809194645737,20.456605960101115,91.61547445770398
45.90369606419979,14.445760340510594,46.76475870065625,23.229945644259487,31.813035614195485
3.794223941182484,72.36213749195942,46.45705001662152,49.22232019582117,85.25609620857463
6.008735953952793,93.48281317371094,38.47658022482805,60.73778465325231,14.3997194658263
75.65456480417744,72.03491643234709,47.68033528045142,26.201704552212735,3.9907399497404517
41.9710266462062,14.286634545796062,52.54561049362929,54.54555782273918,14.265224065267311
24.208382591691503,43.152291574579216,17.39620425681886,44.58036070615371,52.97971156955833
93.22240372874107,44.767443031670915,13.823113827903299,47.92067476035552,96.6905948185543
54.265874169891184,65.79694511287649,75.54127272148243,3.780698061293819,40.00246419160246
58.69793472349981,93.41262077966505,81.11579751349103,34.6244921410884,48.66049712253635
69.36293299849909,1.4466412799894912,54.25442543698021,63.82860767356397,85.97108574836082
52.19560970068955,4.315037471977334,48.90043371770374,18.072128225284,82.58254069290668
98.44495442435066,71.21879388184573,74.51535686265161,4.291641186462892,97.58040710936025
5.331398162046474,95.66523647160902,75.67434442859624,41.1801432979237,30.39083981909544
69.81527279948293,72.47729297846763,38.69391485336998,98.37455475407266,45.16913040055554
44.50591822031237,84.6192058642065,77.01044080716322,78.33749803255088,62.630810865748806
65.74860507158104,31.665587329984067,23.189340689596282,38.76360603363227,48.3036983464322
52.90974624687648,70.10127316170897,83.38894605139978,46.676644857067,18.402215566051574
88.44880418828593,91.24572946896407,6.828864825417014,16.70497196753432,60.54540687319088
23.648349106228007,13.866213652065762,45.538635750647416,92.0605793674731,57.13442220695269
55.896578482065095,4.790686111411935,72.03243184041727,67.43071052063047,99.91611974045851
14.477623364597092,86.72684954553303,24.331993233453964,48.74401934420033,96.33024333961806
44.40730146166554,65.53898249501387,82.92877015189194,19.033257609231626,58.96732093062504
19.33593883276028,15.547224896368771,95.42540988533709,7.886663002572448,55.38457211987673
9.91565198097798,82.44666588156652,60.03567439017493,34.71026898574687,90.3024736428453
0.19762245315517735,22.6049857230022,84.97023982058752,74.06035657769945,33.07840992758621
27.129107423808605,60.394025505865315,49.71279980244721,36.45391862183782,8.804873533171797
28.233995429475257,75.71940915283139,33.89933407796032,51.898286455634526,92.19601556424806
58.431720124361206,87.4265724391749,65.18099180456498,94.5105706851288,22.65602531666969
74.24065255478978,70.76309175685769,14.742819262345208,4.796568547493241,15.754406417323175
93.77161027605887,93.18734253906985,32.499031343117736,38.43433585722822,32.324119689840224
9.273586823821777,51.60302147548295,33.83257944766619,89.77608342550955,61.620582885769934
16.70562247497388,6.375430151666639,22.872481100960883,14.237063090636337,61.04491662869172
97.24535696578579,69.24986420422348,38.84911501966292,4.309473826646593,27.13198134601974
1.6138539491468928,30.148390633527868,98.62172392149317,87.20875464233603,4.7794843280783645
79.2773827849677,82.24728587721923,5.302147766974874,16.76419343518085,52.135616196425794
29.052768801592276,56.47265504023993,75.85574052496182,74.46618019157458,79.16694296511363
67.05237065250205,8.04909313361627,32.58289674878184,92.42321974486146,71.66072339427441
2.0910509176797376,35.33940414884332,49.17475603827333,74.60072351230858,98.22081246636245
99.86670769154682,69.11013354431343,26.17033658362462,67.26161960622728,34.36046079944782
45.46007422852898,27.03360812963914,24.545553241333273,12.087354210855905,4.58219520616513
74.75753538430877,72.00129008789874,23.937627329732635,8.896239687637964,11.91833268293948
93.3709414911308,4.12167959562677,87.91887628572096,92.72416306060366,33.05333011218908
48.101164925445694,56.67705658403993,44.38963952975822,9.184494078264526,70.94198887301665
75.89482911267694,21.43409841977386,63.8867366633988,2.7762845005077197,84.37181256801034
35.16908055469865,25.321191480944538,62.18179263269341,6.509528494786975,42.91245423341831
67.48539292704486,46.357042243188296,96.98412741229846,95.96330583731944,86.81798888895939
36.4125125269265,13.443205608244446,6.904013035745004,67.97422005840426,24.87302816860111
79.08700656453861,91.41087897687311,66.03729641965855,62.635983912240036,12.270502949724737
39.36962144984327,70.78398235238022,72.41143765103077,32.84258087783601,99.07675976502861
1.843294790487271,57.12074173750305,2.7887308479239814,21.001951755711534,55.85476395724793
60.22707454391969,23.48822537079769,6.451148865185541,57.20834133901567,76.11662410321735
40.39242391458555,89.85402545302054,62.955315859231156,26.59262223686988,28.020639699728257
93.51440698141226,90.7038094052385,47.635866141638125,16.121690312907777,25.573348352464464
54.79464082442902,32.03920995798373,11.249745237029774,50.10450198274542,83.37519979800196
59.020505920732646,26.94823575056311,66.28297515176489,53.5974556744835,65.20530674390702
48.48049889005463,48.36379731801047,17.96742674045507,66.03868624494092,54.83286181526496
55.69996698147482,63.0825399779706,55.92988940895383,13.538773401986292,49.249658750409
91.28350734114667,50.90417147381889,86.05820103868707,41.44368675814749,75.03139011128856
21.147228132096284,78.82613707680292,15.785824158094064,11.89063944555424,47.17566772730921
68.96799391869601,18.962846256006827,13.320900660857449,48.24496758130823,47.078825162223836
73.09924547485512,47.974515234674875,77.32369387893795,30.12049802499307,14.433882394934127
29.319134958566494,50.596739436016314,92.0737399363187,50.16839737528199,50.08859274059619
88.8034396425012,27.99545781013818,25.598064675624133,77.52740903267305,25.831832131747625
15.200334902850877,59.48192292561261,29.905052620798667,5.545240257893635,75.22463615186238
25.73922540413598,95.68488053056217,56.152974405082766,44.10353062918955,48.978498793508116
0.7435253429188049,33.231957126078,55.23448821967675,78.09755420585816,13.684345673855237
75.3958942339048,93.5609402467462,77.44192502353363,8.916638157838507,13.746503517346465
66.23719192316666,6.8444880327915625,63.60872485531775,34.65296396178436,51.283817200865
35.13939067980267,66.36433038900039,27.90874499760627,42.21116085119968,7.602546731514193
35.628826034996344,25.901833525409124,54.23382821174856,96.07757774770343,88.90106541620436
36.6630330890987,95.54252566330479,47.77840703754727,75.99958508229908,53.0060158195773
92.7714457550559,18.71475547713747,68.12589943107005,14.046585537696533,12.113390192979157
82.3351892709324,99.06843152821271,38.81131043062298,54.64337746220686,18.401287291510172
44.61071747805189,25.48560067660691,65.77380283933446,86.8752153618732,73.58298794139952
77.46331126663898,6.40545689351546,39.15827338528284,78.31072019474428,80.300234727031
25.42268700805841,9.469993432684165,81.89369788561474,53.83997171961051,59.71391231529357
28.601474630939627,55.22079188648505,29.736972361797097,14.948475112331783,73.09831423168708
97.63764208689551,74.98075470814811,28.671610232473952,4.041207046247153,85.21279399527758
68.50419576656208,52.25734793462063,8.863656154169131,17.93403088419916,5.731867794556356
60.794427767017645,39.64125432964659,73.76430182028182,24.629694428588788,69.04111328092475
5.4335213018162465,55.430405367122745,14.858581425299144,58.899939968078115,14.821361423864543
45.58549857547424,72.58502728481588,5.080505976183069,93.24073330938744,66.4959329591964
0.3300228283081075,5.70594502002717,73.19986156947766,6.388491892372572,33.05619749591098
45.99712304120889,58.69222881898863,60.80095100259052,58.82398128413826,14.204179508826387
63.39728890056327,45.79048089199539,53.2776971903834,89.80777851415974,7.770974459741087
91.6113891144814,33.92872943451645,58.62463643373198,46.044332296740265,99.64146207897961
23.99979111657009,17.47365015756539,42.9217405317022,98.23979007361781,51.707437266370526
90.04622259320995,66.96886802590633,45.668134451255895,81.52299541385045,2.475932202156028
47.325039814678625,16.81841919301632,2.921461825091476,72.04062674320454,87.77592394121689
70.22537516919412,60.06702209732969,57.1066823372092,47.05676635417969,29.02516502158875
15.7762885028351,13.929855809481706,57.45615627858306,86.11814129175693,82.39113944291257
64.83564075495903,48.58652848317855,2.7352850876911528,84.56541204437646,76.2840951427097
51.02325789929576,24.935984269899116,74.73036238553756,7.918577155128048,41.482870158114004
70.34106807244956,31.946195234215836,47.9059030269298,47.58467927400514,47.58102759344028
7.240533308222485,10.983300603496115,5.582838314320105,29.60842485686802,94.99221945164771
95.5600545296974,42.419497187801205,64.7578254085969,15.641580485938277,8.91614060784034
70.79377924520652,53.46712913041873,96.52891985167281,78.21826757745612,69.46613145323309
94.01731810665241,51.15756790138358,10.492705914603452,30.87815941358063,12.555502886137738
36.909765488146206,96.62064242055044,91.30816346991473,16.22393967042782,51.898517521505426
31.25129455467225,37.76300141813381,93.29552935518774,66.06082201858204,33.315253600765324
42.49831015767703,54.41816180413114,13.069356291273614,21.371830381666758,62.06180557031584
79.00113157624314,60.130316164204764,68.04440239691945,93.93313759645181,70.87029701355826
16.53470685171866,91.45893722313947,47.27986276354752,84.0100706314504,95.61720768584966
67.47346761413107,65.03426173285371,93.42359404988309,48.49379564377503,69.58765755210142
57.268533290628895,60.786121911926664,17.61326173742912,24.7253946616227,25.492631479544247
64.60436216705621,32.10445359089022,2.5569568887510608,10.835987058650753,54.98249870852507
92.97951007322787,22.133544183064167,84.45402451630157,58.13397657053949,96.52630851782727
30.581967610844973,89.6294269749957,33.769765686036045,22.295168888847662,82.56017987352874
23.16742625107008,32.58361064195924,47.46172551645864,82.61912269391163,46.62705998869841
72.11464314173726,1.8111347788384746,5.781739756951487,60.38332918247706,62.74416961242692
8.485987933698869,5.21183240785067,89.87034303665918,31.888889442775216,38.537811111184226
26.391719448040753,20.04117791472596,92.51459650890249,25.688000111539054,33.366175524715544
93.04003050955897,42.18959154903905,12.996438001925558,96.36575554933839,69.80195231403803
66.36847157180443,66.68428069903189,82.94663497150093,87.78914137054763,41.6559876770487
18.73194147057726,55.38414061621383,51.43707322824469,3.3604657889350187,31.229377400370662
85.73451287794701,52.269033362866054,11.698545168772112,12.074403274248668,31.680477391167816
13.86001567581313,32.362206980699945,97.7864859194267,12.955608742480306,2.6916487420065693
27.118076537287116,88.54316352895405,46.365112173692765,13.860611558478354,21.060214285866262
27.624129303980936,93.8467838398415,28.60294375058161,2.0156023989308602,67.36328169280368
34.01351634630857,72.52224452836815,84.57880644589439,27.93476296360211,17.777743211810193
68.95502173708651,32.65564192539314,4.400282822673063,84.66150014860291,16.983366464369865
50.36658807841191,4.0178828043131105,23.52362240970046,92.39261450520796,20.18818434483549
4.9986674149611225,8.850659055755262,51.989259997594,54.63450331169254,88.44464239296538
40.47844459112974,63.14803335139596,9.117697617731002,8.555719596217482,9.58917501864337
84.69655025470774,69.4379762318711,65.2964477413273,74.01846016300547,76.89927102189532
69.29668742813146,82.24635344129163,88.11834207759344,65.46552235631421,30.86148762933617
83.9323189037595,30.61234525550054,80.38157833070827,3.706795219222958,62.05144107930391
72.462052655443,27.25599394998769,65.2921801489973,77.55080919312277,94.01503877864091
38.05311639489024,28.774276446736668,90.89511844764212,67.74690902759798,22.403454147385425
5.179656401940003,81.66520665372316,8.290487796481594,1.5161636800260836,91.67828620951119
44.75996223493309,41.06878562817538,61.93325982251938,11.959151616890873,67.77003840323684
89.30801724923244,44.61005948278286,68.98038609407396,72.43743023962675,24.440115510961068
28.606745889130824,72.85579657519477,92.78278572279207,19.299499867478033,33.87325787075276
40.23213678448722,53.87862536987475,32.10315862131713,31.34954569370145,23.644754418880154
41.6506166597993,19.97762248200473,61.75570523513252,29.64646619428324,36.33269760624957
86.44293221303744,84.64835428550866,66.2265873665857,44.02072204935511,94.20778116149341
44.71145475636399,16.870522416669864,75.0705491524837,58.24810968562365,48.503579515504136
93.30928756017862,52.56843269258481,49.616676027653604,72.18653432838535,28.85713904932673
23.59632100216341,91.42597988223612,90.20460580665424,43.32025608209754,69.08017031039121
70.86605988465966,70.58798380456172,0.09311976659445165,91.1315056988627,61.840812290478716
64.16180258451821,65.01848276084986,69.41098302561599,20.772143124762522,74.24279789952539
16.701862120454248,12.563093119492141,66.45224211948762,92.27835462415436,74.9345752048552
67.46982078783444,43.35187642836969,23.724464077261075,87.90182962406858,88.81394362394705
24.54426757691929,96.77550650650853,74.25785984136581,58.78390018777845,97.8890658108849
52.344828353453366,8.117689586136223,50.68349108607384,14.396445540885905,40.90851134143645
15.561207528211607,34.98124008382977,2.8831614188794097,12.145175858078083,44.43944860313132
82.20346076986856,24.2154262646059,55.74887374880203,75.1954460260475,35.664285865172
43.14058931936987,21.16136692128945,0.15961151785601757,35.22783570655819,91.27220059992894
35.90203543833083,51.81025947876684,79.69634959864405,14.18465697111877,81.24278369036422
78.51689095367466,21.926672642984425,48.75025783336615,75.99616946192917,50.70429602111982
75.92785879483213,1.9753151259149004,76.72625997774581,3.7368023489893987,77.02332736526316
26.17360040535761,14.487421363322284,52.54657055048414,79.85325077739186,55.36636722237215
73.85975419347838,40.243537873156974,43.11189588614075,2.1682363903860358,60.000596535901515
43.823900074256464,87.57653784297183,40.187821680106985,92.68531896844901,95.23808373290431
20.727324682896374,5.167934555881559,67.94491741360544,40.14864316036846,28.57955665008921
48.76412921595611,59.276858600426365,48.30489155455216,92.48519898472397,41.702365021986374
41.46542568635398,85.1220076767024,75.18422218564248,99.27962682462267,95.24556993544458
84.87667556917626,84.95161586577694,17.00532130168324,78.95741877079277,30.93761255852452
24.444639747816087,1.7381403564378006,47.28484177067308,67.37248387367275,73.15566877908144
64.98540734667871,78.36249488666448,69.59222703358728,78.0076658575387,29.528959112450814
65.80555885930612,20.68858286249544,8.206807637834235,97.4621642486725,60.9659965156437
21.433991658967845,13.382144674808627,58.69638184408994,57.31865459149117,56.75632934798319
72.37884267243679,88.60398918349092,66.96627406990133,18.185276611601065,15.153557623282044
65.69544214302843,82.66504757124108,2.76752356417056,21.098140766911232,33.74793740750683
94.95893744167094,27.305868750852667,21.608581939190387,4.770283678529164,16.79193136050524
56.92076116596515,21.994023160537136,54.685926519633064,46.20288202846582,85.89086519255315
93.7926479955364,58.392688977815496,79.26486904606345,84.14522603774999,58.41444002720016
0.898461092730618,89.61556969576002,25.40780770370128,8.859355450893547,47.257263928100265
53.48731969623611,15.659288647907477,41.51814087158833,94.70096074445613,96.04361160846996
21.832020911165806,42.04795131508434,90.21145704660177,69.89877212356139,71.67370833364922
53.19605307738146,51.030520842130635,91.63455665455946,81.84644964665782,93.85172127658646
65.7265590751702,19.249776635342176,22.39714726443821,99.01266839624445,19.58989187358884
12.727084007007806,47.329706256642766,55.032521846011065,56.6396619156354,68.62146550225086
74.09179149221896,29.386836879172495,67.30561952525397,53.82331521911837,94.63153921860064
93.52210139199461,14.740187620263779,88.47205180146666,39.283299689054196,93.29020617256403
82.78766926223699,50.55977345272239,51.88199012578355,3.936206194862646,3.26466393270457
13.328982199095663,75.84598374095293,25.211929432045388,96.20267083289454,48.659811885741014
80.33287095603536,89.68485584092112,0.10567649122662504,44.272521229948104,39.728274149346824
70.52360948786355,84.0122223117341,96.53184802126701,25.628866229921286,36.894382570697715
67.25397299440289,99.667100177186,86.7114200496255,50.67161646612539,15.679396945450009
34.05202070240794,51.22545206624445,75.95972338565952,72.1119819789371,72.2979285250793
29.456293248924624,99.95597868709777,95.48297010176407,10.418964994330171,1.7096756463264584
87.73913574416346,82.82828337978597,65.91308341326966,92.62686644859309,73.39820773471193
96.99852727282725,3.7905452852051713,27.840113871116824,8.793141838888207,27.922173748782953
11.462778227094294,88.68258379855611,18.924059360806865,33.659631491052956,38.34524388212463
16.07387828137584,76.8841927741537,11.722768288032292,87.03566724460234,37.36884773278681
55.83125262706451,67.68426366848905,64.97668707862682,3.8616499958911366,67.41510032743618
6.514050441609321,18.251358499329097,67.08759837484331,22.281095387323447,89.4157407993339
17.415668048646438,82.70548443002849,85.72537381155294,4.103793144309231,15.077618152534367
95.16145204160851,38.317252038583845,76.24600532469866,87.95197216130094,47.47297347799749
95.45278084889831,17.857792549304186,48.85403251651774,29.888544616325742,64.83837244040748
81.95654265681509,49.735549054183046,33.60487008920664,19.8678591140903,13.967536635841626
50.02708110136119,57.50169384795728,88.68238069753002,61.89767932382259,44.62688930965327
51.0719675061106,54.10118528042265,14.150421813425417,26.342107856055264,29.20363656465922
57.06336836521927,80.96354592034388,33.66305553763359,99.7653706262494,5.797766612273614
45.05035772141724,24.784058105053674,4.336135604475288,42.43342185455609,5.1323772414478945
54.848731470855604,21.56028792610193,30.690191920259213,15.873911480206203,3.4352745802823548
38.88825297571367,6.805421895819275,79.56494475087443,17.148386414941296,51.136326659652944
52.32223524137019,61.70428219213632,92.9578181881324,41.705890575751155,56.09534538128615
8.8558714983626,32.57820063137849,82.48103335724849,81.60438202284074,85.05852553291517
89.12090713968969,12.36543921858948,85.57953084571109,7.316590847693427,60.21862218804041
45.799954403306174,51.97454916399592,76.04337690467949,58.840123973174585,98.8601676861367
3.113360932562481,16.320592593740678,92.10031312358267,60.079996974935455,89.97326318774967
71.9947286861913,9.789308567029808,45.07764645635709,1.7567732906027866,5.0649467912228125
53.23854090847624,86.26686936917812,27.197771087537337,18.23751967378677,52.07498897037475
40.00796489178901,0.07003536703618085,96.36282053481243,65.59825063928861,30.138737201667364
79.6472576450361,26.02285033761551,63.43687031113126,33.11810578897002,59.00691751051211
33.177864170508165,12.569952038462995,88.5205104253456,92.06841791529163,95.45543927929234
59.11893740007619,2.3592396920862013,65.85169237702476,12.109358000704962,93.0475231522509
2.514153776387462,95.78231415548034,98.5560283666047,79.36937979533558,43.07229495874163
68.16051837811789,61.39039003243896,76.87500380487265,8.40177918894498,41.23338490291616
4.45383238366579,25.55246480170732,1.656241485741361,64.22622923234982,69.25989220980814
12.277372539063624,94.8330904750465,89.66536871757907,54.31525871579331,41.5238261893989
53.41617560048121,20.19522941889148,70.13171223234895,42.193245690312196,14.090249051112336
16.39727740670032,93.44090506923095,46.9047292964112,91.7907139310677,80.5571468066756
28.140172367480552,78.33907030215698,82.16996575138594,75.62512067171313,29.30307246577405
18.14145114236394,23.130718712777607,23.684483218866514,12.235960258466749,67.23988458495798
47.231849583273856,54.972785050235885,77.83769878512747,26.767351600162215,60.76447514475406
43.902317079174914,43.75417053351477,69.97891676874076,20.72023762730607,76.44257134278344
28.05937222501863,74.74509745626361,72.49019307523109,68.09243652899258,57.63633102989182
54.226913122094224,17.825964082428982,81.45661725708156,46.03558186960757,52.875370240759935
2.6785750214201043,25.74541831187773,40.35273041429037,86.20260521621454,2.112691988252713
87.50676773009276,44.2015200028429,27.398746949764895,93.9320956422904,84.02471974030541
81.26850393675494,87.43786145952681,60.48253875109545,61.14034123998391,26.972465061295146
13.5805807767875,33.52567494773246,88.01346183930919,57.348500856222095,33.61399977889933
48.53419027370267,68.34455229492544,95.36605029458293,85.87925666457016,78.3827148280197
11.186330063960026,1.7002411369225534,63.82089298171814,52.50612874836246,46.99268939642045
42.815978317653794,41.50249899844691,41.59845983754399,28.44226770618138,18.555547707545884
83.23971404856508,69.68355091966173,67.11136069497539,98.37340848066513,65.3363703586092
22.32651975432074,5.904530285646514,30.263669982448615,22.38111828810172,10.896239408235452
70.53020603062863,96.30939454742683,69.31510704563813,95.07991966764389,19.846557956413047
87.96629006379072,82.44707094075852,61.067241098617174,34.38829603573823,40.445846105752196
59.39025513859859,90.87780410908593,18.96393891830015,94.2375418230062,36.65211807733818
88.43909458939982,64.79940826091537,97.86125069221895,76.87801458996924,45.167873953067414
0.07811663634030852,84.12899499829906,90.28786012545925,91.1863544843068,20.794428328902605
39.24720606031621,82.02167350766007,91.19260472145055,25.742763188722005,15.739047216762136
75.00249147084588,9.17280236413822,23.56226353469767,23.361668948871404,68.28032436835217
95.23834064136555,90.17520028139738,66.15440528752798,74.04899697368695,66.52405406104866
22.802463330782462,26.926289245294967,10.525134398187086,15.455212752352999,78.76259774216933
98.48066650436243,83.83226083519013,63.50837615461475,67.11071948849174,53.596660596383515
51.17123500057015,61.81588929643135,12.732163316101852,64.05945668496886,45.020377312238736
32.57776850072888,44.48504206926208,10.319754450916552,22.861103460931574,40.12939753267708
64.65414179908655,75.44649394980152,97.67943932181363,76.1449757077263,95.21938249196208
77.87316295329491,14.128786889946877,89.32248290084843,60.00109813420629,16.56403457032587
28.428886876139327,17.07042463617803,90.78294286136743,59.97624928105283,25.500353559047873
79.14930165292611,24.68284031755239,7.451206313100522,93.12703978014424,6.32227610567152
97.45355695808549,41.00653025926961,76.77898459170595,80.50138438192339,70.62957557047754
4.137407295666606,50.19719029400554,17.662164002843074,16.9817254266874,61.94136953829851
17.24649301558776,55.15014096192753,28.027137600135454,58.0471418760045,73.68744790164013
85.63010174264424,2.084317977699257,69.31426308162159,56.20362070570694,76.18800436760587
91.12557283115824,9.536708152604213,57.717431156115275,96.91348840632233,90.06544558676082
24.198522570202464,95.64647369461149,55.77680003931401,22.250698628248898,40.89395089346755
67.05289803521805,17.85487012684254,59.10785311177465,30.328374218713485,26.159743639728394
76.49560946783285,90.01178650739901,19.197877016703636,82.73771469454348,74.50718172918074
52.89119953028384,66.44934772908547,75.85768850540079,74.7899060695165,1.8737168625886702
22.580432261647452,89.33991129935053,83.64188062335738,48.75808416830842,97.47144018768745
99.48346886501814,63.68711216593434,63.693925565993595,88.77923764064819,9.566298712093847
72.7567171770392,36.28814625120144,86.52761036801553,1.0525139668522199,74.25177891868304
3.7348532862727435,14.449327583728556,58.47811151274953,28.786404310425628,31.11420942366392
69.51057550394265,27.03153381391523,6.505957647208538,45.38052052925553,82.19452923551212
46.17480499905591,3.071346404755071,38.793008011065666,25.89979810492833,55.512554043947006
81.28496124835965,3.8773284319265966,1.8355581216411787,53.91632369746133,5.675965717612497
24.52052458930636,19.53650752362508,69.90134129371887,88.6034973340878,87.58707508396706
85.5199909939231,83.59574044482787,83.72298245119346,45.24586514552682,26.590632235259694
73.18504332794605,15.190092339067396,17.940589691642806,94.02905903815645,26.251814691129503
47.03924611711952,87.73779346759292,88.16165469000339,59.09566064292603,90.88656359232156
6.989499289999812,7.7655114434479255,21.54917627039624,41.465094354174106,49.14247842276852
51.338148561542276,13.180167874255655,93.46069871176388,6.2189971571001035,61.54747953078957
92.95069896531058,21.433178309992496,25.485882377611112,23.23203430841112,29.971204795691076
3.3858548264099286,64.38859381177032,29.360627782942352,66.97970232638252,76.16465403075854
69.58557871804241,55.947825661476344,79.6945255536149,53.394673500542375,77.22318049291057
7.874477502773159,21.22730158062027,27.038835694702,37.15385799445918,15.840964407936342
61.89428645581323,30.127131325624745,36.25243786002197,88.53650964042018,2.0213996177701476
41.232009516464785,7.86417891267952,70.63254892185171,7.869909792200891,89.30762508435464
63.91071416456312,1.0754046515912496,0.040104237444360535,55.25962668123389,74.58922729498933
45.34489634177468,79.55778748075667,54.62820296252347,0.5923625727036308,45.13616163278791
34.05200259731559,66.19091589323153,10.412341783570678,50.53923544946001,78.19222842950921
47.31227816160495,19.340436306626753,87.16553457138201,83.89496610783225,13.949870905760042
83.21004560072014,99.38603765423515,37.87287024018306,65.87490833163572,73.55180795387173
13.748888212227051,67.23899781391069,87.13321708631274,69.60350448096881,81.99649974117648
78.64950011025572,48.185866259417686,71.54959571510442,94.67854004900764,34.848329816042735
36.80148725431939,82.83039799662181,97.12216919383584,57.216157891478616,83.45154550097341
17.753538830170278,9.210967282595794,64.45570422416166,86.22966698057209,54.43100146370834
34.17169954491644,66.57935439171237,52.674725817143596,92.97332067246316,62.391852465341216
41.344570074136314,35.40524150188351,50.34989198951283,23.42367465832367,25.70722581305206
23.746901304318158,8.481342893705545,41.55859172124279,31.479866943282698,52.4540381953574
87.72128110943297,91.01404378030792,46.45937152836759,37.30565790750698,84.22916439735069
80.8936700511168,89.17229173410615,61.14303149930428,6.817609196859998,57.49839482006962
40.480928871276944,36.97571970325415,48.692047526246775,9.322331596197541,58.124450808153895
90.02235659298243,54.94852163615539,83.66264207961635,72.25392926790606,73.86757870559696
77.86657992204009,42.29219522075157,28.988906662816227,14.202568143156114,8.34577646735667
28.432856588597698,16.484570147639353,93.046082397109,93.40105318988081,59.54589210505804
7.785056978139271,44.79322225912175,95.48516400568349,55.599904586735825,33.81900500029015
4.594297049372331,16.862172587927628,0.11359743073194872,62.13883326911959,5.309220593605691
91.8879094193248,7.8171971551424635,32.55529537984634,60.51890341842632,13.168624998453248
72.06793985138182,19.104133006583346,56.35098690550427,11.507058360999945,31.152712595972055
14.77105141258016,0.9990858790809631,99.09110041350027,39.40483073493029,42.07637723790545
27.799603060464694,34.093533753057685,95.038474249073,3.9672262785548584,83.2901963930062
95.76521384925807,79.30579417016651,53.45390594929492,8.326374301729555,67.05047514511247
52.43784794961551,56.48878764976742,25.563227497947626,49.839272947583794,0.7287544428678183
90.80823607343305,62.35149405501256,71.98685362151267,73.8213029671478,90.11616812035092
68.29646299893268,69.53188429819755,57.96104755982251,81.45604406575455,54.32027708324465
16.109389687855412,36.59174281396286,25.112115961133753,91.8715110010273,78.18441649875125
21.100690603605056,61.22608410689408,41.22574404687679,81.90730285713236,69.35316595783335
43.7377112202215,41.61889854978939,55.806479529621875,61.67950010319048,6.302120208615058
64.81590518858958,90.07041669162281,47.410319942858905,34.01349255743688,9.9824996927648
80.43708256796009,93.81390330490792,83.10231454102338,90.90020728336319,37.42624803514044
2.5521784591443386,11.271981325571756,26.467187348696985,69.72156334546148,51.58844167736887
14.939961166487103,11.529708240751635,45.008127500946834,52.22031842258305,6.995541570400309
8.219216423914698,90.12393368757866,11.872653513142762,90.52627451838059,42.88857901477423
75.04321008990806,51.00975034659419,98.8510657382688,16.477315489324063,29.8264040745145
65.08161375316452,30.324399325314022,81.67467425284892,90.44467375501057,66.80606395877551
75.65121455099518,92.11724389758083,18.570091372727994,77.41597016183125,29.70036994448131
98.34653055809284,36.00027243619647,25.869433720404356,8.27358962677226,40.14820108694782
35.77841315108628,69.4771431741373,75.99216610591263,36.49927944596728,9.470835048320236
2.1355394311198483,97.23394265591104,55.33004871607892,36.013188986325225,69.45795921147037
96.92184162714008,5.1137984113500785,98.01804359112253,68.71801121764483,75.03551969792092
55.07841337456163,67.93395072648708,49.808170517472774,72.56334476636343,97.82390937934998
89.62810222413111,1.913100622463293,19.378960023072423,3.6939483738958057,25.731774557798857
50.48887830470397,8.724233439581841,45.985570708848954,52.14604642191374,8.22682792534496
97.6426609235013,70.09434943349869,3.481352091348777,35.80845487067917,92.53817788570326
50.64094073219941,17.540990698712942,11.512447819573557,52.906487636205846,3.3365078651379387
16.289889187771678,8.111001677769092,2.219683147239493,33.366473473889336,82.93977758330863
58.49128166015366,34.945489068055956,59.512156425370534,43.938042704743516,50.19210087953231
91.6103256289195,74.86098439036563,88.03361199142203,68.74498081039445,62.574834251206326
35.14821017797398,6.086108389849332,54.7131244519685,47.9169476394423,96.90658668491785
32.67371036537825,39.03259312634615,47.81037627651876,34.40781129100794,81.36495664931462
78.59399215106131,65.28626865936137,25.317460024989845,37.379359602543715,36.10898071801415
85.46900134409738,94.78756011621813,33.39578229831027,41.49187379140371,64.57680567149609
42.48214004830788,73.09626977825907,7.916518719105148,91.89357935927852,16.288561878907004
75.62569847976167,41.07127948806628,12.741320175476812,27.392570205127853,23.607751505089148
64.65868937710192,64.27659962433393,90.96868661483009,79.77622544838412,43.12701154216382
28.086597315627404,8.682182438500286,19.72536441583854,54.6209964166757,53.71688750632917
43.007816082733186,96.75331301053065,83.19223947682698,94.23354390013587,98.43082350580245
73.47095712488377,25.121149989206703,49.363400679126414,33.55655113666823,5.705625760922006
10.24940602306923,41.742651526364604,34.455744919976674,29.2516860952868,57.63211228957139
15.282113815459898,4.633980439010821,58.51161615355581,79.78009561950756,41.3127617689652
39.54990457386107,55.32440183810278,96.62120097435852,88.59013448758733,33.85364523432728
0.923897246281391,43.01629709175534,92.79800202900269,33.75364984199093,22.924268362203605
63.217627482478534,30.62457443258929,75.0686763416532,6.19951000943455,49.33731166764408
7.9569242875981665,70.58904828298209,60.44335337680257,57.64346455413039,57.45777153626397
94.36395614598379,97.81602600044327,7.541010926928093,39.62884408689601,47.95274086049224
2.6511100976665425,50.31442467906909,47.34973070926347,24.372685408685403,59.58113453977789
71.00083896108373,23.524457705234447,31.652220141978038,36.42976363788863,39.43368227037517
91.14147646411102,11.56235283518281,8.98116130716029,49.23178517028798,58.309165852846014
67.84670554970621,90.74979143769453,95.86843405884267,73.75854908724561,89.55000391299683
57.56475489571981,16.89732938717151,56.55652262854562,24.724621802080314,64.05813899557914
91.87862995762445,54.53567507519982,95.89998221982768,70.0450034322817,48.956215950507165
5.900503231157572,92.10364603078915,43.6949594978971,6.492730175566486,25.325668506453436
35.750295896143555,53.492286125656406,92.80940014794602,49.445073918726635,46.81575128250158
95.96342860321008,27.068134607114846,88.39873405669175,30.420516479698367,30.32164907811483
62.619972111711455,25.321566186852394,66.97106606603623,15.77555849715746,34.953390685884045
29.46182425434024,58.93431834272771,44.51405708467856,98.48427889295968,48.84630558448706
55.93327085165141,79.82975776246245,66.38301431286673,26.47578614513244,51.217823099189516
53.412839976295714,58.39631106169065,94.0967663964675,32.92201090597633,87.84512868753907
55.75449606264876,81.99563922285745,83.16482475785365,66.09705513397635,48.539423128674905
49.860852166246026,36.45621669683712,42.11723418988368,20.397726628524627,35.39131537681814
32.35384804130754,64.86281924194488,92.32271588626139,44.125836801529594,5.071898517569973
6.860562501471024,83.73318942481687,13.787488793438829,96.889565753763,73.24908723755699
13.211322844647178,73.55389349757834,79.36650489366124,13.245228664875942,21.50598393676255
36.38917559524602,42.718342444429204,4.227644586038782,12.27830943773589,19.999564767925115
10.912638552570709,91.03720988472195,66.52752432278429,39.83376278857476,51.710694694806925
66.54012869415884,76.53456152634732,72.25063337593434,98.80719279931964,74.61164427478568
71.03299298955847,96.29364599292465,51.31082384884094,40.78613339440512,37.11881165872891
85.66063462782928,20.531036355292255,35.03916702992329,59.736372275351194,70.11570334482269
54.77815101715616,87.98629894701092,78.28624228005542,18.516361325501073,49.24533266785128
58.8722326511087,40.81334410268253,94.23759447496492,25.45560906348635,8.944196496408917
34.84406369299341,50.904369895670186,26.588894287163058,41.45444191821047,59.31338025022178
81.29078276035654,98.63967464882737,13.334536975958999,31.496630003072212,17.938653183241883
71.53582753721483,89.29616808767945,79.84927483528071,24.123467058543437,85.78209523545287
71.09591296040185,33.65376245940283,87.24823268712787,34.626055728489014,30.437447702335184
24.610507035845718,50.304238139657386,90.18382909493688,22.607388124757744,38.0806785504583
20.44032957936448,31.58705767935054,51.91302437425228,46.99328446164783,78.5745999627921
87.24128868312657,55.884824220322656,85.54397160540046,19.15235784310537,42.94036151291143
14.790997574626175,76.65966400206152,14.734604904205728,7.477453289998747,6.512832685449399
8.258719152141813,62.37511139817203,3.162658152197373,0.7816457684680977,79.77591819382417
81.76300411393424,70.85874921461405,57.17298202445625,10.50735488646507,39.4055397610156
71.06859748775935,41.52639913116172,34.08357176131612,7.27194839806895,11.080517387448307
47.13856986367553,78.48033289604672,27.574931030873028,39.73400399555204,40.34039896088818
45.74891668032478,72.577713676441,88.39694114081486,79.20812532008644,71.21785322806957
98.63137484812398,31.11141189796669,75.13016055942238,2.9727092417329404,83.62985539489092
12.149638536614926,81.3939597703037,47.18364664932461,69.70703199595137,83.75403307145592
54.344201474157074,30.67512571809616,29.177523856211597,79.55300971037255,92.95127931768712
30.902941839194074,1.423290074020822,22.5165760998124,96.127394222803,2.4528386683254078
60.29786341743407,11.947008251228663,15.79318733922267,86.80751683399505,67.51842891491067
85.5213282504278,31.57351507146985,7.711122502558931,56.490464211147284,84.85097616699538
60.99857658121507,44.561811317914966,51.84287312824324,33.512814588928045,70.2533598562625
10.71796260856387,7.975855650693564,80.81780745289122,27.161003894662596,83.94188199695748
56.37618592539183,36.98876593460151,4.079369151764167,16.023696653803466,2.0880917965851675
62.303682208562094,99.49309188703788,18.349965865493722,23.503359062939623,90.40096870198985
8.372091713757335,47.642453428465735,34.31843827337255,79.57329190324171,28.849295296779832
94.37015039609635,13.690510127692,61.22268822959829,74.95326722436724,94.48054035072232
