00000000000000000000000010000000000000000001000000000000001000000000000000000000
00000000000000000000000100001000000000000000000100000000000000000000000000000000
00000000000000000000000100001000000000000000000100000000000000000000000000000000

00000000000000000001000000000100000000000000001000000000000000000000000000000000
00000000000011000000000000000000000000000000000000000000000000000000000000100000
00000000000011000000000000000000000000000000000000000000000000000000000000100000

00000000000001000000000000000000000000000000000000000000000000000000000000000011
00000000000010000000010000000000000000100000000000000000000000000000000000000000
00000000000010000000010000000000000000100000000000000000000000000000000000000000

00000000000000010000001000000000000000000000000000000000000000000000000010000000
00000000000000000000000000000000000010000000000000000000000010000000001000000000
00000000000000000000000000000000000010000000000000000000000010000000001000000000

00000000000000000000000000000000000000001000000000000100000000000010000000000000
00010000000001000000000000000000000000000000000000000000000000010000000000000000
00010000000001000000000000000000000000000000000000000000000000010000000000000000

00100000000000000000000000000000000000000000000010000000000000000001000000000000
00000000000000000000000000000000000000000100000000010000000000000000001000000000
00000000000000000000000000000000000000000100000000010000000000000000001000000000

00000000000000000000100000010010000000000000000000000000000000000000000000000000
00000001000000000000000000000000000000000001001000000000000000000000000000000000
00000001000000000000000000000000000000000001001000000000000000000000000000000000

10000000000000000000000000000000000000000000010000000000000000000000001000000000
00000000000000000001000000000010000000000000000000000000000000000100000000000000
00000000000000000001000000000010000000000000000000000000000000000100000000000000

00000000000000000000000000000000001000000000000000000010001000000000000000000000
01000000000000000000000000010000000000000000100000000000000000000000000000000000
00000000000000000000000100001000000000000000000100000000000000000000000000000000

00000000000000000000000100000100000000000000000000000000000000000000001000000000
00000000000000000000000000000000000000001000000000000000000000100000000000001000
00000000000011000000000000000000000000000000000000000000000000000000000000100000

